data,id_campanha,campanha,canal,objetivo,plataforma,pais,regiao,origem_trafego,impressoes,cliques,investimento,receita,leads,leads_qualificados,clientes,emails_enviados,emails_abertos,emails_cliques,dispositivo,tipo_usuario,ctr,cpc,cpl,cpql,cac,taxa_qualificacao,taxa_lead_cliente,roas,roi,taxa_abertura_email,taxa_clique_email,ctor,ano,mes,mes_ano
2025-06-29,CAMP007,YouTube Ads,Video,Aquisição,Google,Brasil,Sudeste,Instagram,5860.0,108.0,3940.0,2315.83,11,5,5,17023,8322,1685,Unknown,New,0.01843,36.481481,358.181818,788.0,788.0,0.454545,0.454545,0.587774,-0.412226,0.488868,0.098984,0.202475,2025,6,2025-06
2025-01-21,CAMP008,Newsletter,Email,Retenção,CRM,Brasil,Nordeste,Instagram,88104.0,2232.0,2892.85,27926.79,547,178,156,1189,957,686,Mobile,Returning,0.025334,1.29608,5.288574,16.251966,18.54391,0.325411,0.285192,9.653729,8.653729,0.804878,0.576955,0.716823,2025,1,2025-01
2025-02-20,CAMP005,Remarketing,Display,Conversão,Google,Brasil,Unknown,Google,46606.0,825.0,6175.42,7349.67,246,102,20,24483,15787,10748,Desktop,New,0.017702,7.485358,25.103333,60.543333,308.771,0.414634,0.081301,1.190149,0.190149,0.644815,0.438998,0.680813,2025,2,2025-02
2025-05-12,CAMP008,Newsletter,Email,Retenção,CRM,Brasil,Sudeste,YouTube,24457.0,788.0,3754.9,2628.75,242,120,41,34763,32606,29487,Tablet,Unknown,0.03222,4.765102,15.516116,31.290833,91.582927,0.495868,0.169421,0.700085,-0.299915,0.937951,0.848229,0.904343,2025,5,2025-05
2025-04-21,CAMP002,Meta Ads,Social Media,Aquisição,Meta,Brasil,Sul,Facebook,14268.0,591.0,4004.67,11821.1,94,32,32,3568,1367,1152,Mobile,Returning,0.041421,6.776091,42.602872,125.145938,125.145938,0.340426,0.340426,2.951829,1.951829,0.383128,0.32287,0.842721,2025,4,2025-04
2025-02-02,CAMP003,Instagram,Social Media,Brand Awareness,Meta,Brasil,Nordeste,YouTube,17666.0,215.0,885.77,4108.01,53,22,11,36222,11837,8996,Desktop,Returning,0.01217,4.11986,16.712642,40.262273,80.524545,0.415094,0.207547,4.637784,3.637784,0.32679,0.248357,0.75999,2025,2,2025-02
2025-04-11,CAMP001,Google Ads,Search,Aquisição,Google,Brasil,Nordeste,Email,13110.0,637.0,3714.11,20527.73,135,72,60,24419,17868,15934,Desktop,Unknown,0.048589,5.830628,27.511926,51.584861,61.901833,0.533333,0.444444,5.526958,4.526958,0.731725,0.652525,0.891762,2025,4,2025-04
2025-05-23,CAMP007,YouTube Ads,Video,Aquisição,Google,Brasil,Nordeste,YouTube,38827.0,2397.0,4561.88,70560.79,595,245,186,30467,29723,13931,Unknown,Returning,0.061735,1.903162,7.667025,18.619918,24.526237,0.411765,0.312605,15.467481,14.467481,0.97558,0.457249,0.468694,2025,5,2025-05
2025-04-02,CAMP008,Newsletter,Email,Retenção,CRM,Brasil,Sudeste,Facebook,26976.0,704.0,1597.39,4053.9,211,152,23,22959,5530,4744,Mobile,Returning,0.026097,2.26902,7.570569,10.509145,69.451739,0.720379,0.109005,2.537827,1.537827,0.240864,0.206629,0.857866,2025,4,2025-04
2025-02-28,CAMP008,Newsletter,Email,Retenção,CRM,Brasil,Sudeste,Facebook,98557.0,2017.0,2714.36,15105.38,299,115,115,24938,23664,1636,Mobile,New,0.020465,1.345741,9.078127,23.60313,23.60313,0.384615,0.384615,5.564988,4.564988,0.948913,0.065603,0.069135,2025,2,2025-02
2025-02-23,CAMP002,Meta Ads,Social Media,Aquisição,Meta,Brasil,Sudeste,YouTube,5854.0,139.0,1671.22,1938.96,29,22,15,5931,3510,202,Tablet,Returning,0.023744,12.023165,57.628276,75.964545,111.414667,0.758621,0.517241,1.160206,0.160206,0.591806,0.034058,0.05755,2025,2,2025-02
2025-05-19,CAMP002,Meta Ads,Social Media,Aquisição,Meta,Brasil,Nordeste,Google,115078.0,1512.0,2186.95,22229.53,155,89,89,7546,1369,146,Mobile,New,0.013139,1.446396,14.109355,24.572472,24.572472,0.574194,0.574194,10.164627,9.164627,0.181421,0.019348,0.106647,2025,5,2025-05
2025-05-09,CAMP008,Newsletter,Email,Retenção,CRM,Brasil,Sudeste,Google,6802.0,186.0,6021.8,1891.48,27,16,8,42976,16371,11835,Unknown,Returning,0.027345,32.375269,223.02963,376.3625,752.725,0.592593,0.296296,0.314105,-0.685895,0.380934,0.275386,0.722925,2025,5,2025-05
2025-02-06,CAMP005,Remarketing,Display,Conversão,Google,Brasil,Nordeste,YouTube,34855.0,1536.0,2367.48,25165.52,494,364,196,13183,12915,12874,Desktop,Returning,0.044068,1.541328,4.79247,6.504066,12.07898,0.736842,0.396761,10.629665,9.629665,0.979671,0.976561,0.996825,2025,2,2025-02
2025-04-09,CAMP008,Newsletter,Email,Retenção,CRM,Brasil,Sudeste,Google,7200.0,59.0,3634.46,315.24,15,5,2,24328,20877,3987,Desktop,Returning,0.008194,61.601017,242.297333,726.892,1817.23,0.333333,0.133333,0.086736,-0.913264,0.858147,0.163885,0.190976,2025,4,2025-04
2025-04-29,CAMP003,Instagram,Social Media,Brand Awareness,Meta,Brasil,Centro-Oeste,Facebook,22429.0,491.0,2646.17,21847.86,122,83,57,40790,5600,4548,Desktop,Returning,0.021891,5.389348,21.689918,31.881566,46.424035,0.680328,0.467213,8.256408,7.256408,0.137289,0.111498,0.812143,2025,4,2025-04
2025-02-18,CAMP008,Newsletter,Email,Retenção,CRM,Brasil,Nordeste,Google,110983.0,2008.0,6207.45,89160.29,361,93,93,32216,301,180,Desktop,Unknown,0.018093,3.09136,17.195152,66.746774,66.746774,0.257618,0.257618,14.363433,13.363433,0.009343,0.005587,0.598007,2025,2,2025-02
2025-06-09,CAMP005,Remarketing,Display,Conversão,Google,Brasil,Sul,Meta,11102.0,258.0,2516.56,3641.32,79,60,17,46681,7455,4014,Mobile,New,0.023239,9.754109,31.85519,41.942667,148.032941,0.759494,0.21519,1.446943,0.446943,0.159701,0.085988,0.538431,2025,6,2025-06
2025-04-14,CAMP001,Google Ads,Search,Aquisição,Google,Brasil,Nordeste,Email,111400.0,1758.0,3660.41,28387.71,339,132,132,24355,22009,19334,Desktop,New,0.015781,2.082144,10.79767,27.730379,27.730379,0.389381,0.389381,7.755336,6.755336,0.903675,0.793841,0.878459,2025,4,2025-04
2025-05-24,CAMP008,Newsletter,Email,Retenção,CRM,Brasil,Unknown,YouTube,81429.0,4782.0,2534.95,26980.88,1129,304,241,23677,22841,9907,Desktop,Returning,0.058726,0.530102,2.245306,8.338651,10.518465,0.269265,0.213463,10.643555,9.643555,0.964691,0.418423,0.433738,2025,5,2025-05
2025-01-08,CAMP005,Remarketing,Display,Conversão,Google,Brasil,Sudeste,Instagram,24508.0,575.0,3053.63,24175.0,76,36,36,8079,7987,6799,Mobile,Returning,0.023462,5.310661,40.179342,84.823056,84.823056,0.473684,0.473684,7.916807,6.916807,0.988612,0.841565,0.851258,2025,1,2025-01
2025-04-30,CAMP001,Google Ads,Search,Aquisição,Google,Brasil,Unknown,YouTube,87750.0,2870.0,1742.96,38093.81,292,141,141,2081,633,512,Mobile,Unknown,0.032707,0.607303,5.969041,12.361418,12.361418,0.482877,0.482877,21.855814,20.855814,0.304181,0.246036,0.808847,2025,4,2025-04
2025-05-09,CAMP005,Remarketing,Display,Conversão,Google,Brasil,Sudeste,YouTube,8343.0,312.0,2916.52,8533.55,28,15,15,8253,2744,1243,Unknown,Returning,0.037397,9.347821,104.161429,194.434667,194.434667,0.535714,0.535714,2.925936,1.925936,0.332485,0.150612,0.452988,2025,5,2025-05
2025-05-24,CAMP005,Remarketing,Display,Conversão,Google,Brasil,Sudeste,Google,113761.0,5860.0,2349.03,138985.63,1496,413,413,32843,2849,2809,Tablet,Unknown,0.051512,0.400858,1.570207,5.687724,5.687724,0.27607,0.27607,59.167244,58.167244,0.086746,0.085528,0.98596,2025,5,2025-05
2025-01-16,CAMP004,Email Black Friday,Email,Retenção,CRM,Brasil,Sul,Email,0.0,0.0,5656.71,119143.64,1043,649,402,27144,4000,956,Desktop,Returning,0.0,0.0,5.4235,8.71604,14.071418,0.622244,0.385427,21.062356,20.062356,0.147362,0.03522,0.239,2025,1,2025-01
2025-06-10,CAMP001,Google Ads,Search,Aquisição,Google,Brasil,Sudeste,Meta,116783.0,6960.0,590.44,28223.34,591,178,178,28472,25351,23132,Unknown,New,0.059598,0.084833,0.999052,3.317079,3.317079,0.301184,0.301184,47.800522,46.800522,0.890384,0.812447,0.912469,2025,6,2025-06
2025-04-15,CAMP003,Instagram,Social Media,Brand Awareness,Meta,Brasil,Sudeste,Facebook,25358.0,373.0,4143.79,12106.9,103,71,32,45425,38756,18888,Desktop,New,0.014709,11.109357,40.230971,58.363239,129.493438,0.68932,0.31068,2.921697,1.921697,0.853187,0.415806,0.487357,2025,4,2025-04
2025-04-06,CAMP001,Google Ads,Search,Aquisição,Google,Brasil,Unknown,Email,64031.0,3677.0,1665.09,84632.05,1028,391,272,45912,14397,8787,Desktop,Returning,0.057425,0.452839,1.619737,4.258542,6.121654,0.38035,0.264591,50.827313,49.827313,0.313578,0.191388,0.610335,2025,4,2025-04
2025-04-10,CAMP001,Google Ads,Search,Aquisição,Google,Brasil,Nordeste,Google,21779.0,1364.0,2403.65,57149.03,358,184,141,9335,4980,3140,Desktop,Returning,0.062629,1.762207,6.714106,13.063315,17.047163,0.513966,0.393855,23.775937,22.775937,0.533476,0.336369,0.630522,2025,4,2025-04
2025-02-22,CAMP005,Remarketing,Display,Conversão,Google,Brasil,Sudeste,Email,65566.0,3444.0,6061.4,37834.48,1201,337,174,9924,4330,953,Unknown,Unknown,0.052527,1.759988,5.046961,17.98635,34.835632,0.2806,0.144879,6.241872,5.241872,0.436316,0.09603,0.220092,2025,2,2025-02
2025-06-19,CAMP008,Newsletter,Email,Retenção,CRM,Brasil,Centro-Oeste,Instagram,67856.0,3721.0,666.56,36027.64,1288,587,331,42459,26256,25086,Desktop,Returning,0.054837,0.179135,0.517516,1.135537,2.013776,0.455745,0.256988,54.050108,53.050108,0.618385,0.590829,0.955439,2025,6,2025-06
2025-01-19,CAMP007,YouTube Ads,Video,Aquisição,Google,Brasil,Sudeste,Google,77124.0,2278.0,1729.4,38841.74,449,174,174,4709,1081,475,Desktop,Unknown,0.029537,0.759175,3.85167,9.93908,9.93908,0.387528,0.387528,22.459662,21.459662,0.22956,0.100871,0.439408,2025,1,2025-01
2025-04-23,CAMP004,Email Black Friday,Email,Retenção,CRM,Brasil,Nordeste,Facebook,28960.0,1665.0,6266.46,5384.48,569,155,92,28509,27860,11003,Desktop,Returning,0.057493,3.76364,11.013111,40.428774,68.113696,0.272408,0.161687,0.859254,-0.140746,0.977235,0.385948,0.394939,2025,4,2025-04
2025-05-26,CAMP001,Google Ads,Search,Aquisição,Google,Brasil,Nordeste,Email,76726.0,3366.0,3036.34,86837.45,800,596,296,14323,1353,735,Mobile,Returning,0.04387,0.902062,3.795425,5.09453,10.257905,0.745,0.37,28.599383,27.599383,0.094463,0.051316,0.543237,2025,5,2025-05
2025-03-31,CAMP004,Email Black Friday,Email,Retenção,CRM,Brasil,Centro-Oeste,Email,107023.0,3011.0,643.61,94186.38,1042,660,275,14216,6132,2508,Unknown,Returning,0.028134,0.213753,0.617668,0.975167,2.3404,0.633397,0.263916,146.340765,145.340765,0.431345,0.176421,0.409002,2025,3,2025-03
2025-05-14,CAMP005,Remarketing,Display,Conversão,Google,Brasil,Sudeste,Google,10713.0,340.0,5986.77,2703.36,107,59,25,2015,1824,373,Desktop,Unknown,0.031737,17.608147,55.951121,101.470678,239.4708,0.551402,0.233645,0.451556,-0.548444,0.905211,0.185112,0.204496,2025,5,2025-05
2025-03-04,CAMP002,Meta Ads,Social Media,Aquisição,Meta,Brasil,Centro-Oeste,YouTube,0.0,0.0,5473.39,105795.21,822,329,329,30189,12763,2000,Desktop,Unknown,0.0,0.0,6.658625,16.636444,16.636444,0.400243,0.400243,19.32901,18.32901,0.42277,0.066249,0.156703,2025,3,2025-03
2025-02-22,CAMP007,YouTube Ads,Video,Aquisição,Google,Brasil,Nordeste,Meta,15916.0,814.0,1680.89,6587.48,120,48,44,5544,4976,4583,Mobile,New,0.051144,2.064975,14.007417,35.018542,38.202045,0.4,0.366667,3.919043,2.919043,0.897547,0.826659,0.921021,2025,2,2025-02
2025-04-28,CAMP006,Influenciadores,Influencer,Brand Awareness,Influencers,Brasil,Centro-Oeste,YouTube,54922.0,2067.0,3654.61,58204.57,654,308,215,20758,15254,11470,Mobile,Returning,0.037635,1.768075,5.588089,11.865617,16.998186,0.470948,0.328746,15.926342,14.926342,0.734849,0.552558,0.751934,2025,4,2025-04
2025-04-13,CAMP003,Instagram,Social Media,Brand Awareness,Meta,Brasil,Unknown,Meta,86317.0,3727.0,4011.36,130145.53,856,256,256,29920,20645,9550,Desktop,New,0.043178,1.076297,4.686168,15.669375,15.669375,0.299065,0.299065,32.444241,31.444241,0.690007,0.319184,0.462582,2025,4,2025-04
2025-01-29,CAMP005,Remarketing,Display,Conversão,Google,Brasil,Sul,Google,44811.0,1531.0,5032.63,16198.2,158,93,93,40037,36586,12015,Desktop,Returning,0.034166,3.287152,31.852089,54.114301,54.114301,0.588608,0.588608,3.218635,2.218635,0.913805,0.300097,0.328404,2025,1,2025-01
2025-05-12,CAMP008,Newsletter,Email,Retenção,CRM,Brasil,Unknown,Email,113215.0,3562.0,999999.99,156125.86,863,321,321,22969,12891,4777,Unknown,New,0.031462,280.741154,1158.74854,3115.264766,3115.264766,0.371958,0.371958,0.156126,-0.843874,0.561235,0.207976,0.370569,2025,5,2025-05
2025-01-12,CAMP005,Remarketing,Display,Conversão,Google,Brasil,Nordeste,Google,23777.0,1402.0,2246.13,7384.19,147,75,39,46162,19262,4432,Mobile,Returning,0.058965,1.60209,15.279796,29.9484,57.593077,0.510204,0.265306,3.287517,2.287517,0.41727,0.09601,0.23009,2025,1,2025-01
2025-06-29,CAMP005,Remarketing,Display,Conversão,Google,Brasil,Nordeste,Email,5302.0,154.0,4075.92,2054.31,31,20,10,47391,5126,5122,Mobile,New,0.029046,26.467013,131.48129,203.796,407.592,0.645161,0.322581,0.504011,-0.495989,0.108164,0.10808,0.99922,2025,6,2025-06
2025-04-25,CAMP006,Influenciadores,Influencer,Brand Awareness,Influencers,Brasil,Nordeste,Meta,40854.0,571.0,1307.5,14130.9,175,52,52,5632,3596,3283,Desktop,New,0.013977,2.289842,7.471429,25.144231,25.144231,0.297143,0.297143,10.807572,9.807572,0.638494,0.582919,0.912959,2025,4,2025-04
2025-05-26,CAMP005,Remarketing,Display,Conversão,Google,Brasil,Sul,Email,31734.0,1310.0,3691.66,33530.65,304,139,120,20123,15679,1761,Unknown,Unknown,0.041281,2.818061,12.143618,26.558705,30.763833,0.457237,0.394737,9.082811,8.082811,0.779158,0.087512,0.112316,2025,5,2025-05
2025-02-02,CAMP001,Google Ads,Search,Aquisição,Google,Brasil,Nordeste,YouTube,32285.0,672.0,3247.59,12924.73,69,47,35,14046,8434,2590,Mobile,Returning,0.020815,4.832723,47.066522,69.09766,92.788286,0.681159,0.507246,3.979791,2.979791,0.600456,0.184394,0.30709,2025,2,2025-02
2025-03-16,CAMP004,Email Black Friday,Email,Retenção,CRM,Brasil,Unknown,Instagram,92886.0,5069.0,1235.14,65463.14,1677,932,406,47514,22700,6469,Desktop,Returning,0.054572,0.243665,0.736518,1.325258,3.042217,0.555754,0.242099,53.000583,52.000583,0.477754,0.136149,0.284978,2025,3,2025-03
2025-01-20,CAMP001,Google Ads,Search,Aquisição,Google,Brasil,Centro-Oeste,Meta,41976.0,1603.0,5025.4,15684.05,347,264,143,48362,20128,12977,Desktop,New,0.038188,3.134997,14.482421,19.035606,35.142657,0.760807,0.412104,3.120956,2.120956,0.416195,0.268331,0.644724,2025,1,2025-01
2025-06-17,CAMP005,Remarketing,Display,Conversão,Google,Brasil,Sudeste,YouTube,39387.0,886.0,4977.45,21471.31,183,87,76,41752,17988,12219,Tablet,Returning,0.022495,5.617889,27.19918,57.212069,65.492763,0.47541,0.415301,4.313717,3.313717,0.43083,0.292657,0.679286,2025,6,2025-06
2025-06-11,CAMP001,Google Ads,Search,Aquisição,Google,Brasil,Centro-Oeste,Facebook,89555.0,2652.0,4732.14,28616.6,771,543,297,31523,23325,21204,Desktop,New,0.029613,1.784367,6.137665,8.714807,15.933131,0.70428,0.385214,6.047285,5.047285,0.739936,0.672652,0.909068,2025,6,2025-06
2025-05-12,CAMP006,Influenciadores,Influencer,Brand Awareness,Influencers,Brasil,Sudeste,Google,21984.0,1275.0,5335.41,16280.72,231,116,71,22526,4670,2190,Mobile,New,0.057997,4.184635,23.097013,45.994914,75.14662,0.502165,0.307359,3.051447,2.051447,0.207316,0.097221,0.468951,2025,5,2025-05
2025-02-22,CAMP006,Influenciadores,Influencer,Brand Awareness,Influencers,Brasil,Nordeste,Email,41455.0,872.0,2890.2,11975.76,241,152,62,6788,5408,2035,Unknown,New,0.021035,3.31445,11.992531,19.014474,46.616129,0.630705,0.257261,4.143575,3.143575,0.7967,0.299794,0.376294,2025,2,2025-02
2025-06-04,CAMP001,Google Ads,Search,Aquisição,Google,Brasil,Centro-Oeste,Email,87870.0,1419.0,4684.31,12645.64,402,123,51,30486,6371,5996,Tablet,Returning,0.016149,3.301135,11.652512,38.083821,91.849216,0.30597,0.126866,2.699574,1.699574,0.208981,0.19668,0.94114,2025,6,2025-06
2025-06-22,CAMP004,Email Black Friday,Email,Retenção,CRM,Brasil,Unknown,Facebook,25609.0,222.0,3740.98,5499.52,53,37,23,44879,10789,6166,Desktop,New,0.008669,16.851261,70.584528,101.107568,162.651304,0.698113,0.433962,1.470075,0.470075,0.240402,0.137392,0.571508,2025,6,2025-06
2025-04-14,CAMP005,Remarketing,Display,Conversão,Google,Brasil,Nordeste,Meta,114777.0,4918.0,5687.99,32944.38,1143,723,441,39727,126,105,Mobile,Returning,0.042848,1.156566,4.976369,7.867206,12.897937,0.632546,0.385827,5.791919,4.791919,0.003172,0.002643,0.833333,2025,4,2025-04
2025-02-09,CAMP005,Remarketing,Display,Conversão,Google,Brasil,Sudeste,Instagram,73904.0,4490.0,869.06,115742.04,1376,438,279,35622,2708,1332,Mobile,Unknown,0.060754,0.193555,0.631584,1.984155,3.11491,0.318314,0.202762,133.180724,132.180724,0.07602,0.037393,0.491876,2025,2,2025-02
2025-06-18,CAMP002,Meta Ads,Social Media,Aquisição,Meta,Brasil,Sul,YouTube,45738.0,1403.0,5991.08,19775.76,243,159,100,46994,41914,4971,Mobile,Returning,0.030675,4.270192,24.65465,37.679748,59.9108,0.654321,0.411523,3.300867,2.300867,0.891901,0.105779,0.1186,2025,6,2025-06
2025-03-29,CAMP006,Influenciadores,Influencer,Brand Awareness,Influencers,Brasil,Sudeste,Google,51240.0,1468.0,4164.88,9374.18,380,132,111,38011,24917,21566,Tablet,Returning,0.028649,2.837112,10.960211,31.552121,37.521441,0.347368,0.292105,2.250768,1.250768,0.655521,0.567362,0.865514,2025,3,2025-03
2025-03-03,CAMP003,Instagram,Social Media,Brand Awareness,Meta,Brasil,Sudeste,YouTube,7079.0,245.0,2548.56,6924.21,58,23,19,29865,6645,5083,Unknown,Returning,0.034609,10.402286,43.94069,110.806957,134.134737,0.396552,0.327586,2.716911,1.716911,0.222501,0.170199,0.764936,2025,3,2025-03
2025-05-12,CAMP007,YouTube Ads,Video,Aquisição,Google,Brasil,Centro-Oeste,Google,60168.0,1628.0,4933.11,6385.56,524,282,155,17438,7643,1823,Mobile,Returning,0.027058,3.030166,9.414332,17.493298,31.826516,0.538168,0.295802,1.294429,0.294429,0.438296,0.104542,0.238519,2025,5,2025-05
2025-03-13,CAMP008,Newsletter,Email,Retenção,CRM,Brasil,Centro-Oeste,YouTube,61373.0,1677.0,5785.37,33660.67,460,318,204,10503,2538,451,Tablet,New,0.027325,3.449833,12.576891,18.192987,28.359657,0.691304,0.443478,5.81824,4.81824,0.241645,0.04294,0.177699,2025,3,2025-03
2025-03-15,CAMP007,YouTube Ads,Video,Aquisição,Google,Brasil,Sul,Instagram,21032.0,417.0,1302.12,1947.64,80,59,32,23419,19978,4841,Desktop,Unknown,0.019827,3.12259,16.2765,22.069831,40.69125,0.7375,0.4,1.495745,0.495745,0.853068,0.206712,0.242317,2025,3,2025-03
2025-06-15,CAMP005,Remarketing,Display,Conversão,Google,Brasil,Sudeste,Facebook,6279.0,247.0,2019.86,6037.11,70,22,15,20063,2106,127,Mobile,New,0.039337,8.177571,28.855143,91.811818,134.657333,0.314286,0.214286,2.988875,1.988875,0.104969,0.00633,0.060304,2025,6,2025-06
2025-01-25,CAMP008,Newsletter,Email,Retenção,CRM,Brasil,Unknown,Meta,65774.0,1343.0,2827.82,13872.1,433,272,133,32889,26665,5475,Mobile,Unknown,0.020418,2.105599,6.530762,10.396397,21.261805,0.628176,0.307159,4.905581,3.905581,0.810757,0.166469,0.205325,2025,1,2025-01
2025-05-02,CAMP001,Google Ads,Search,Aquisição,Google,Brasil,Nordeste,YouTube,83411.0,1648.0,1019.22,10036.16,520,300,135,48924,8646,2969,Mobile,New,0.019758,0.618459,1.960038,3.3974,7.549778,0.576923,0.259615,9.846903,8.846903,0.176723,0.060686,0.343396,2025,5,2025-05
2025-02-23,CAMP004,Email Black Friday,Email,Retenção,CRM,Brasil,Unknown,YouTube,66120.0,841.0,1707.97,13803.43,132,58,58,12046,9442,1333,Tablet,New,0.012719,2.03088,12.939167,29.447759,29.447759,0.439394,0.439394,8.081775,7.081775,0.783829,0.110659,0.141178,2025,2,2025-02
2025-02-05,CAMP002,Meta Ads,Social Media,Aquisição,Meta,Brasil,Sudeste,Email,79478.0,1823.0,476.55,35075.8,439,190,141,2524,2120,1040,Desktop,New,0.022937,0.26141,1.085535,2.508158,3.379787,0.432802,0.321185,73.603609,72.603609,0.839937,0.412044,0.490566,2025,2,2025-02
2025-02-08,CAMP001,Google Ads,Search,Aquisição,Google,Brasil,Sudeste,Google,29354.0,1605.0,4561.32,27259.64,384,172,158,5090,3004,1040,Desktop,Returning,0.054677,2.841944,11.878437,26.519302,28.869114,0.447917,0.411458,5.976261,4.976261,0.590177,0.204322,0.346205,2025,2,2025-02
2025-05-29,CAMP008,Newsletter,Email,Retenção,CRM,Brasil,Sudeste,Email,16344.0,744.0,5542.39,10717.66,157,58,58,47617,27935,4873,Unknown,New,0.045521,7.449449,35.301847,95.558448,95.558448,0.369427,0.369427,1.933761,0.933761,0.58666,0.102337,0.174441,2025,5,2025-05
2025-01-14,CAMP007,YouTube Ads,Video,Aquisição,Google,Brasil,Sudeste,Google,42198.0,2015.0,6019.92,38144.86,674,344,199,26510,19426,4497,Unknown,Returning,0.047751,2.987553,8.931632,17.499767,30.250854,0.510386,0.295252,6.33644,5.33644,0.73278,0.169634,0.231494,2025,1,2025-01
2025-02-14,CAMP004,Email Black Friday,Email,Retenção,CRM,Brasil,Sudeste,Email,83945.0,4906.0,2950.55,75263.67,1150,796,346,16317,920,396,Mobile,Returning,0.058443,0.601417,2.565696,3.706721,8.527601,0.692174,0.30087,25.508353,24.508353,0.056383,0.024269,0.430435,2025,2,2025-02
2025-02-24,CAMP006,Influenciadores,Influencer,Brand Awareness,Influencers,Brasil,Unknown,Email,57393.0,3698.0,1327.75,11580.12,1226,353,55,46084,29629,18416,Desktop,New,0.064433,0.359045,1.082993,3.761331,24.140909,0.287928,0.044861,8.721612,7.721612,0.642935,0.399618,0.621553,2025,2,2025-02
2025-05-01,CAMP008,Newsletter,Email,Retenção,CRM,Brasil,Unknown,Google,0.0,0.0,3468.0,23357.04,115,58,58,35801,32913,25280,Mobile,New,0.0,0.0,30.156522,59.793103,59.793103,0.504348,0.504348,6.735017,5.735017,0.919332,0.706126,0.768086,2025,5,2025-05
2025-05-20,CAMP008,Newsletter,Email,Retenção,CRM,Brasil,Nordeste,Facebook,113730.0,7068.0,717.76,152942.47,2243,1726,689,35636,14561,7878,Desktop,Unknown,0.062147,0.101551,0.32,0.415852,1.041742,0.769505,0.307178,213.083022,212.083022,0.408604,0.221069,0.541034,2025,5,2025-05
2025-02-23,CAMP007,YouTube Ads,Video,Aquisição,Google,Brasil,Sudeste,Facebook,46844.0,2592.0,448.1,14951.95,233,180,101,16876,8245,7214,Desktop,New,0.055333,0.172878,1.923176,2.489444,4.436634,0.772532,0.433476,33.36744,32.36744,0.488564,0.427471,0.874955,2025,2,2025-02
2025-03-02,CAMP001,Google Ads,Search,Aquisição,Google,Brasil,Sudeste,Facebook,47874.0,1464.0,4569.73,18260.8,439,163,138,11222,10568,4675,Mobile,Returning,0.03058,3.1214,10.409408,28.035153,33.113986,0.371298,0.314351,3.996035,2.996035,0.941722,0.416592,0.442373,2025,3,2025-03
2025-01-29,CAMP003,Instagram,Social Media,Brand Awareness,Meta,Brasil,Centro-Oeste,Meta,70160.0,738.0,374.93,14774.56,244,159,77,41059,33742,4133,Mobile,Unknown,0.010519,0.508035,1.536598,2.35805,4.869221,0.651639,0.315574,39.406182,38.406182,0.821793,0.10066,0.122488,2025,1,2025-01
2025-06-25,CAMP004,Email Black Friday,Email,Retenção,CRM,Brasil,Centro-Oeste,Google,8020.0,473.0,540.63,21290.54,103,77,56,12303,6183,3930,Unknown,Returning,0.058978,1.142981,5.248835,7.021169,9.654107,0.747573,0.543689,39.380981,38.380981,0.50256,0.319434,0.635614,2025,6,2025-06
2025-06-17,CAMP008,Newsletter,Email,Retenção,CRM,Brasil,Sul,Email,72675.0,4104.0,4648.1,158594.27,1101,687,435,3469,699,6,Mobile,New,0.056471,1.132578,4.221708,6.765793,10.685287,0.623978,0.395095,34.120236,33.120236,0.201499,0.00173,0.008584,2025,6,2025-06
2025-01-31,CAMP003,Instagram,Social Media,Brand Awareness,Meta,Brasil,Unknown,Facebook,52638.0,436.0,1601.77,17114.17,44,24,24,27123,294,223,Mobile,New,0.008283,3.673784,36.403864,66.740417,66.740417,0.545455,0.545455,10.684536,9.684536,0.01084,0.008222,0.758503,2025,1,2025-01
2025-04-14,CAMP001,Google Ads,Search,Aquisição,Google,Brasil,Unknown,Email,36966.0,1089.0,5348.61,2102.43,170,44,17,14281,12094,1435,Tablet,Returning,0.02946,4.911488,31.462412,121.559318,314.624118,0.258824,0.1,0.39308,-0.60692,0.846859,0.100483,0.118654,2025,4,2025-04
2025-04-06,CAMP004,Email Black Friday,Email,Retenção,CRM,Brasil,Nordeste,Instagram,50539.0,599.0,4646.89,2778.28,142,62,28,3353,3341,703,Desktop,Returning,0.011852,7.757746,32.724577,74.949839,165.960357,0.43662,0.197183,0.597879,-0.402121,0.996421,0.209663,0.210416,2025,4,2025-04
2025-05-05,CAMP004,Email Black Friday,Email,Retenção,CRM,Brasil,Sudeste,Facebook,32083.0,301.0,2204.92,1230.69,86,53,19,27029,13025,3356,Tablet,New,0.009382,7.325316,25.638605,41.602264,116.048421,0.616279,0.22093,0.558156,-0.441844,0.48189,0.124163,0.257658,2025,5,2025-05
2025-01-15,CAMP007,YouTube Ads,Video,Aquisição,Google,Brasil,Centro-Oeste,Facebook,46846.0,2580.0,5483.66,40788.41,366,117,117,45413,28087,988,Desktop,Returning,0.055074,2.12545,14.982678,46.868889,46.868889,0.319672,0.319672,7.438173,6.438173,0.618479,0.021756,0.035176,2025,1,2025-01
2025-05-11,CAMP001,Google Ads,Search,Aquisição,Google,Brasil,Nordeste,YouTube,10626.0,332.0,1610.21,5488.4,36,21,21,39158,23019,18639,Mobile,New,0.031244,4.85003,44.728056,76.676667,76.676667,0.583333,0.583333,3.4085,2.4085,0.587849,0.475995,0.809722,2025,5,2025-05
2025-02-22,CAMP005,Remarketing,Display,Conversão,Google,Brasil,Unknown,YouTube,13711.0,712.0,4982.5,21382.79,82,21,21,16251,7725,526,Mobile,Returning,0.051929,6.997893,60.762195,237.261905,237.261905,0.256098,0.256098,4.291579,3.291579,0.475355,0.032367,0.068091,2025,2,2025-02
2025-01-09,CAMP004,Email Black Friday,Email,Retenção,CRM,Brasil,Centro-Oeste,Google,109101.0,109101.0,0.0,13738.66,544,265,170,37935,26589,17773,Mobile,Returning,1.0,0.0,0.0,0.0,0.0,0.487132,0.3125,0.0,0.0,0.700909,0.468512,0.668434,2025,1,2025-01
2025-06-18,CAMP006,Influenciadores,Influencer,Brand Awareness,Influencers,Brasil,Sudeste,Instagram,35087.0,1729.0,1076.61,18506.86,404,105,105,31811,16019,2720,Mobile,New,0.049278,0.622678,2.664876,10.253429,10.253429,0.259901,0.259901,17.189939,16.189939,0.503568,0.085505,0.169798,2025,6,2025-06
2025-02-02,CAMP001,Google Ads,Search,Aquisição,Google,Brasil,Sudeste,Facebook,117360.0,3284.0,648.97,12897.23,380,213,105,17369,3041,105,Tablet,Returning,0.027982,0.197616,1.707816,3.046808,6.180667,0.560526,0.276316,19.873384,18.873384,0.175082,0.006045,0.034528,2025,2,2025-02
2025-05-14,CAMP003,Instagram,Social Media,Brand Awareness,Meta,Brasil,Nordeste,Instagram,88976.0,5459.0,3587.23,35639.94,1720,1105,608,14629,12398,8442,Unknown,New,0.061354,0.657122,2.085599,3.246362,5.900049,0.642442,0.353488,9.935226,8.935226,0.847495,0.577073,0.680916,2025,5,2025-05
2025-06-03,CAMP006,Influenciadores,Influencer,Brand Awareness,Influencers,Brasil,Unknown,Instagram,38662.0,1727.0,4795.59,13038.26,166,64,64,14612,1266,121,Tablet,Unknown,0.044669,2.776833,28.889096,74.931094,74.931094,0.385542,0.385542,2.718802,1.718802,0.086641,0.008281,0.095577,2025,6,2025-06
2025-02-22,CAMP007,YouTube Ads,Video,Aquisição,Google,Brasil,Nordeste,Google,75326.0,790.0,282.47,7552.74,134,73,28,15025,8946,6236,Unknown,Unknown,0.010488,0.357557,2.107985,3.869452,10.088214,0.544776,0.208955,26.738202,25.738202,0.595408,0.415042,0.697071,2025,2,2025-02
2025-01-24,CAMP007,YouTube Ads,Social Media,Aquisição,Google,Brasil,Sudeste,Instagram,79131.0,3469.0,5025.05,80275.48,786,418,319,26849,22015,12003,Unknown,New,0.043839,1.448559,6.393193,12.021651,15.752508,0.531807,0.405852,15.975061,14.975061,0.819956,0.447056,0.545219,2025,1,2025-01
2025-04-25,CAMP003,Instagram,Social Media,Brand Awareness,Meta,Brasil,Unknown,YouTube,50241.0,3014.0,4105.84,32715.08,837,269,136,24279,12765,11561,Mobile,Unknown,0.059991,1.362256,4.905424,15.263346,30.19,0.321386,0.162485,7.967938,6.967938,0.525763,0.476173,0.90568,2025,4,2025-04
2025-06-15,CAMP005,Remarketing,Display,Conversão,Google,Brasil,Centro-Oeste,Email,9648.0,213.0,2977.69,5610.83,37,21,21,27616,24603,2113,Mobile,Returning,0.022077,13.979765,80.478108,141.794762,141.794762,0.567568,0.567568,1.884289,0.884289,0.890897,0.076514,0.085884,2025,6,2025-06
2025-06-13,CAMP008,Newsletter,Email,Retenção,CRM,Brasil,Sul,Instagram,17588.0,378.0,5761.56,3224.04,64,31,15,20816,9472,6276,Mobile,New,0.021492,15.242222,90.024375,185.856774,384.104,0.484375,0.234375,0.559578,-0.440422,0.455035,0.301499,0.662584,2025,6,2025-06
2025-04-28,CAMP008,Newsletter,Email,Retenção,CRM,Brasil,Centro-Oeste,Instagram,76635.0,2270.0,2415.25,46528.14,660,421,178,18774,1742,619,Mobile,New,0.029621,1.063987,3.65947,5.736936,13.56882,0.637879,0.269697,19.264316,18.264316,0.092788,0.032971,0.355339,2025,4,2025-04
2025-02-06,CAMP001,Google Ads,Search,Aquisição,Google,Brasil,Sudeste,Facebook,0.0,0.0,1576.85,12143.51,109,33,33,26611,20969,8467,Desktop,New,0.0,0.0,14.466514,47.783333,47.783333,0.302752,0.302752,7.701119,6.701119,0.787982,0.318177,0.403787,2025,2,2025-02
2025-02-19,CAMP001,Google Ads,Search,Aquisição,Google,Brasil,Nordeste,Meta,66212.0,3805.0,3424.03,58597.47,989,323,238,33556,12595,1969,Tablet,New,0.057467,0.899876,3.462113,10.600712,14.386681,0.326593,0.240647,17.113597,16.113597,0.375343,0.058678,0.156332,2025,2,2025-02
2025-01-08,CAMP007,YouTube Ads,Video,Aquisição,Google,Brasil,Nordeste,Facebook,28196.0,938.0,1274.9,31233.79,287,220,108,29625,15504,7705,Mobile,Returning,0.033267,1.359168,4.44216,5.795,11.80463,0.766551,0.376307,24.499012,23.499012,0.523342,0.260084,0.496969,2025,1,2025-01
2025-01-01,CAMP001,Google Ads,Search,Aquisição,Google,Brasil,Sudeste,Email,36890.0,2273.0,4385.27,63812.13,395,133,133,6704,3232,1112,Tablet,New,0.061616,1.929287,11.101949,32.971955,32.971955,0.336709,0.336709,14.551471,13.551471,0.4821,0.165871,0.344059,2025,1,2025-01
2025-03-09,CAMP003,Instagram,Social Media,Brand Awareness,Meta,Brasil,Centro-Oeste,Google,119044.0,6144.0,2932.39,266276.26,1947,826,689,4712,1367,821,Desktop,New,0.051611,0.477277,1.506107,3.550109,4.256009,0.424242,0.353878,90.8052,89.8052,0.29011,0.174236,0.600585,2025,3,2025-03
2025-05-23,CAMP007,YouTube Ads,Video,Aquisição,Google,Brasil,Unknown,Google,14108.0,14108.0,3937.68,7966.01,83,21,21,12207,7117,2889,Desktop,Unknown,1.0,0.27911,47.441928,187.508571,187.508571,0.253012,0.253012,2.023021,1.023021,0.583026,0.236667,0.405929,2025,5,2025-05
2025-03-13,CAMP002,Meta Ads,Social Media,Aquisição,Meta,Brasil,Nordeste,Facebook,40631.0,2287.0,5317.42,29609.16,274,147,147,47819,43790,8234,Desktop,Unknown,0.056287,2.325063,19.406642,36.172925,36.172925,0.536496,0.536496,5.568332,4.568332,0.915745,0.172191,0.188034,2025,3,2025-03
2025-05-31,CAMP005,Remarketing,Display,Conversão,Google,Brasil,Nordeste,YouTube,69106.0,582.0,5852.49,7813.63,192,54,48,38650,6012,963,Desktop,Unknown,0.008422,10.055825,30.481719,108.379444,121.926875,0.28125,0.25,1.335095,0.335095,0.15555,0.024916,0.16018,2025,5,2025-05
2025-06-05,CAMP007,YouTube Ads,Video,Aquisição,Google,Brasil,Sudeste,Email,0.0,0.0,4706.99,7774.84,508,356,146,35054,29734,7052,Mobile,Returning,0.0,0.0,9.265728,13.221882,32.239658,0.700787,0.287402,1.651765,0.651765,0.848234,0.201175,0.23717,2025,6,2025-06
2025-04-28,CAMP004,Email Black Friday,Email,Retenção,CRM,Brasil,Sudeste,Google,105102.0,5727.0,3493.27,36636.88,462,277,277,10435,3097,520,Tablet,New,0.05449,0.609965,7.56119,12.611083,12.611083,0.599567,0.599567,10.487847,9.487847,0.29679,0.049832,0.167904,2025,4,2025-04
2025-06-01,CAMP008,Newsletter,Email,Retenção,CRM,Brasil,Sudeste,Facebook,106529.0,2404.0,4797.93,41372.72,628,436,232,4040,1462,241,Desktop,New,0.022567,1.995811,7.640016,11.004427,20.680733,0.694268,0.369427,8.623035,7.623035,0.361881,0.059653,0.164843,2025,6,2025-06
2025-04-29,CAMP001,Google Ads,Search,Aquisição,Google,Brasil,Sul,Email,85532.0,1150.0,4226.52,5728.24,261,98,33,40420,7421,5016,Mobile,Returning,0.013445,3.675235,16.193563,43.127755,128.076364,0.375479,0.126437,1.355309,0.355309,0.183597,0.124097,0.67592,2025,4,2025-04
2025-04-28,CAMP002,Meta Ads,Social Media,Aquisição,Meta,Brasil,Centro-Oeste,Google,93700.0,4582.0,6444.48,49585.28,495,320,320,26766,6764,5101,Desktop,Returning,0.048901,1.406478,13.019152,20.139,20.139,0.646465,0.646465,7.694225,6.694225,0.252709,0.190578,0.75414,2025,4,2025-04
2025-05-16,CAMP001,Google Ads,Search,Aquisição,Google,Brasil,Sul,YouTube,59624.0,1247.0,590.84,16671.22,122,84,65,15484,11015,7397,Desktop,Unknown,0.020914,0.473809,4.842951,7.03381,9.089846,0.688525,0.532787,28.216133,27.216133,0.711379,0.477719,0.671539,2025,5,2025-05
2025-01-03,CAMP002,Meta Ads,Social Media,Aquisição,Meta,Brasil,Centro-Oeste,Email,79069.0,3649.0,4352.68,117296.17,1011,511,435,45843,30137,28195,Mobile,New,0.04615,1.192842,4.305321,8.517965,10.006161,0.50544,0.430267,26.948034,25.948034,0.657396,0.615034,0.935561,2025,1,2025-01
2025-06-07,CAMP006,Influenciadores,Influencer,Brand Awareness,Influencers,Brasil,Nordeste,Google,103936.0,5700.0,2060.42,35571.35,1186,546,114,49231,29301,26116,Mobile,Unknown,0.054841,0.361477,1.737285,3.773663,18.07386,0.460371,0.096121,17.264126,16.264126,0.595174,0.530479,0.891301,2025,6,2025-06
2025-05-30,CAMP004,Email Black Friday,Email,Retenção,CRM,Brasil,Centro-Oeste,Meta,61273.0,3241.0,4013.89,86295.17,398,113,113,6782,6257,1601,Desktop,New,0.052894,1.238473,10.085151,35.52115,35.52115,0.28392,0.28392,21.499137,20.499137,0.922589,0.236066,0.255873,2025,5,2025-05
2025-03-16,CAMP001,Google Ads,Search,Aquisição,Google,Brasil,Unknown,Meta,43067.0,1031.0,5695.69,15794.98,301,170,117,25819,4107,560,Tablet,Returning,0.023939,5.524433,18.922558,33.504059,48.681111,0.564784,0.388704,2.773146,1.773146,0.159069,0.021689,0.136353,2025,3,2025-03
2025-06-07,CAMP006,Influenciadores,Influencer,Brand Awareness,Influencers,Brasil,Sudeste,Google,78165.0,4216.0,0.0,44295.17,796,274,274,8373,5907,4361,Tablet,New,0.053937,0.0,0.0,0.0,0.0,0.344221,0.344221,0.0,0.0,0.705482,0.520841,0.738277,2025,6,2025-06
2025-04-05,CAMP004,Email Black Friday,Email,Retenção,CRM,Brasil,Nordeste,Email,10901.0,173.0,5416.26,3383.29,58,40,19,49519,35732,17347,Desktop,Returning,0.01587,31.307861,93.383793,135.4065,285.066316,0.689655,0.327586,0.624654,-0.375346,0.721582,0.35031,0.485475,2025,4,2025-04
2025-05-08,CAMP008,Newsletter,Email,Retenção,CRM,Brasil,Centro-Oeste,Facebook,16871.0,706.0,5713.27,13954.87,218,54,54,38947,27286,6610,Mobile,New,0.041847,8.09245,26.207661,105.801296,105.801296,0.247706,0.247706,2.442536,1.442536,0.700593,0.169718,0.242249,2025,5,2025-05
2025-05-10,CAMP001,Google Ads,Search,Aquisição,Google,Brasil,Sudeste,Instagram,60677.0,3926.0,4563.47,33984.97,567,186,82,29861,28141,9074,Desktop,New,0.064703,1.162371,8.048448,24.534785,55.652073,0.328042,0.144621,7.447177,6.447177,0.9424,0.303875,0.322448,2025,5,2025-05
2025-04-13,CAMP005,Remarketing,Display,Conversão,Google,Brasil,Unknown,YouTube,39171.0,997.0,3496.71,17989.47,114,84,80,15818,14854,14490,Tablet,Unknown,0.025453,3.507232,30.672895,41.6275,43.708875,0.736842,0.701754,5.144685,4.144685,0.939057,0.916045,0.975495,2025,4,2025-04
2025-05-13,CAMP006,Influenciadores,Influencer,Brand Awareness,Influencers,Brasil,Centro-Oeste,Meta,66949.0,1484.0,2807.99,14994.74,351,219,53,26476,22740,14828,Tablet,Unknown,0.022166,1.892177,7.999972,12.821872,52.980943,0.623932,0.150997,5.340026,4.340026,0.858891,0.560054,0.652067,2025,5,2025-05
2025-06-13,CAMP008,Newsletter,Email,Retenção,CRM,Brasil,Sudeste,Email,46424.0,661.0,3035.3,17252.83,70,36,36,38487,28411,593,Desktop,Unknown,0.014238,4.591982,43.361429,84.313889,84.313889,0.514286,0.514286,5.684061,4.684061,0.738197,0.015408,0.020872,2025,6,2025-06
2025-02-11,CAMP006,Influenciadores,Influencer,Brand Awareness,Influencers,Brasil,Centro-Oeste,Instagram,60316.0,3770.0,798.65,33131.13,1261,876,164,43080,23561,20281,Desktop,New,0.062504,0.211844,0.633347,0.911701,4.869817,0.694687,0.130056,41.483917,40.483917,0.546913,0.470775,0.860787,2025,2,2025-02
2025-06-26,CAMP008,Newsletter,Email,Retenção,CRM,Brasil,Sudeste,Email,54230.0,3183.0,5753.62,22955.29,1103,544,198,29758,3456,407,Desktop,Unknown,0.058694,1.807609,5.216337,10.576507,29.058687,0.4932,0.17951,3.989713,2.989713,0.116137,0.013677,0.117766,2025,6,2025-06
2025-02-27,CAMP008,Newsletter,Email,Retenção,CRM,Brasil,Unknown,Instagram,15142.0,377.0,5069.05,5792.45,49,16,16,40261,10759,5439,Mobile,New,0.024898,13.445756,103.45,316.815625,316.815625,0.326531,0.326531,1.142709,0.142709,0.267231,0.135094,0.50553,2025,2,2025-02
2025-06-27,CAMP001,Google Ads,Search,Aquisição,Google,Brasil,Unknown,Email,96074.0,1433.0,5068.92,34077.73,319,87,87,35964,20131,5978,Tablet,Returning,0.014916,3.537278,15.890031,58.263448,58.263448,0.272727,0.272727,6.722878,5.722878,0.559754,0.166222,0.296955,2025,6,2025-06
2025-01-11,CAMP002,Meta Ads,Social Media,Aquisição,Meta,Brasil,Centro-Oeste,Instagram,21905.0,597.0,1576.31,13837.96,117,57,57,28413,12275,2461,Desktop,New,0.027254,2.640385,13.472735,27.654561,27.654561,0.487179,0.487179,8.778705,7.778705,0.432021,0.086615,0.200489,2025,1,2025-01
2025-05-29,CAMP008,Newsletter,Email,Retenção,CRM,Brasil,Sul,YouTube,82794.0,3831.0,5733.36,30887.48,869,521,184,16997,14215,301,Unknown,Returning,0.046271,1.49657,6.597652,11.00453,31.159565,0.59954,0.211738,5.387326,4.387326,0.836324,0.017709,0.021175,2025,5,2025-05
2025-01-22,CAMP001,Google Ads,Search,Aquisição,Google,Brasil,Centro-Oeste,Google,28387.0,296.0,986.48,2941.5,89,32,12,21567,10517,3754,Desktop,Returning,0.010427,3.332703,11.084045,30.8275,82.206667,0.359551,0.134831,2.981814,1.981814,0.487643,0.174062,0.356946,2025,1,2025-01
2025-06-06,CAMP007,YouTube Ads,Video,Aquisição,Google,Brasil,Sul,Meta,34725.0,2006.0,4983.12,22045.59,410,104,104,26860,16898,16832,Mobile,Returning,0.057768,2.484108,12.153951,47.914615,47.914615,0.253659,0.253659,4.424054,3.424054,0.629114,0.626657,0.996094,2025,6,2025-06
2025-01-10,CAMP001,Google Ads,Search,Aquisição,Google,Brasil,Unknown,YouTube,39196.0,1951.0,1343.96,31128.77,568,315,155,20033,10805,3083,Mobile,New,0.049775,0.688857,2.366127,4.26654,8.67071,0.554577,0.272887,23.161977,22.161977,0.53936,0.153896,0.285331,2025,1,2025-01
2025-05-01,CAMP005,Remarketing,Display,Conversão,Google,Brasil,Sudeste,Email,20379.0,542.0,2090.59,6048.98,189,85,31,43003,18313,14871,Unknown,Unknown,0.026596,3.857177,11.061323,24.595176,67.438387,0.449735,0.164021,2.893432,1.893432,0.425854,0.345813,0.812046,2025,5,2025-05
2025-04-13,CAMP006,Influenciadores,Influencer,Brand Awareness,Influencers,Brasil,Unknown,Meta,64796.0,625.0,1301.38,4236.18,117,85,34,4586,4431,2947,Desktop,Returning,0.009646,2.082208,11.122906,15.310353,38.275882,0.726496,0.290598,3.255145,2.255145,0.966201,0.642608,0.665087,2025,4,2025-04
2025-05-27,CAMP004,Email Black Friday,Email,Retenção,CRM,Brasil,Sudeste,Meta,115384.0,115384.0,4565.89,52043.87,1763,644,362,11258,8623,5469,Desktop,New,1.0,0.039571,2.589841,7.089891,12.612956,0.365286,0.205332,11.398406,10.398406,0.765944,0.485788,0.634234,2025,5,2025-05
2025-02-16,CAMP003,Instagram,Social Media,Brand Awareness,Meta,Brasil,Sudeste,Email,116562.0,5806.0,1251.6,79830.62,1242,432,269,31254,18509,16230,Mobile,Returning,0.04981,0.21557,1.007729,2.897222,4.652788,0.347826,0.216586,63.782854,62.782854,0.592212,0.519294,0.876871,2025,2,2025-02
2025-05-18,CAMP005,Remarketing,Display,Conversão,Google,Brasil,Centro-Oeste,Instagram,39865.0,694.0,3869.89,17043.58,186,141,76,18833,5017,4676,Mobile,Unknown,0.017409,5.57621,20.80586,27.446028,50.919605,0.758065,0.408602,4.404151,3.404151,0.266394,0.248288,0.932031,2025,5,2025-05
2025-01-05,CAMP002,Meta Ads,Social Media,Aquisição,Meta,Brasil,Sudeste,Instagram,0.0,0.0,0.0,10200.67,351,228,121,14493,685,363,Mobile,Returning,0.0,0.0,0.0,0.0,0.0,0.649573,0.344729,0.0,0.0,0.047264,0.025047,0.529927,2025,1,2025-01
2025-06-07,CAMP005,Remarketing,Display,Conversão,Google,Brasil,Unknown,Instagram,6431.0,72.0,1811.83,491.92,23,8,3,35782,9833,7896,Mobile,Unknown,0.011196,25.164306,78.775217,226.47875,603.943333,0.347826,0.130435,0.271505,-0.728495,0.274803,0.22067,0.80301,2025,6,2025-06
2025-04-17,CAMP004,Email Black Friday,Email,Retenção,CRM,Brasil,Sudeste,Meta,7643.0,331.0,2346.59,4491.95,95,28,24,8927,1171,943,Desktop,New,0.043308,7.089396,24.700947,83.806786,97.774583,0.294737,0.252632,1.914246,0.914246,0.131175,0.105635,0.805295,2025,4,2025-04
2025-02-27,CAMP005,Remarketing,Display,Conversão,Google,Brasil,Sudeste,Google,33228.0,1504.0,3739.85,12600.06,515,301,97,26000,6304,4724,Unknown,New,0.045263,2.486602,7.261845,12.424751,38.555155,0.584466,0.18835,3.369135,2.369135,0.242462,0.181692,0.749365,2025,2,2025-02
2025-06-01,CAMP001,Google Ads,Search,Aquisição,Google,Brasil,Centro-Oeste,Meta,102852.0,2156.0,3595.17,42948.89,491,288,123,44617,3648,2889,Unknown,New,0.020962,1.667519,7.322138,12.483229,29.229024,0.586558,0.250509,11.946275,10.946275,0.081763,0.064751,0.791941,2025,6,2025-06
2025-03-15,CAMP002,Meta Ads,Social Media,Aquisição,Meta,Brasil,Centro-Oeste,Instagram,70633.0,4035.0,4907.95,45593.94,1180,367,255,17994,1727,242,Mobile,Returning,0.057126,1.216344,4.15928,13.373161,19.246863,0.311017,0.216102,9.289813,8.289813,0.095976,0.013449,0.140127,2025,3,2025-03
2025-04-26,CAMP006,Influenciadores,Influencer,Brand Awareness,Influencers,Brasil,Unknown,Facebook,35933.0,324.0,4338.65,1214.56,48,36,15,40961,29118,2113,Desktop,New,0.009017,13.390895,90.388542,120.518056,289.243333,0.75,0.3125,0.27994,-0.72006,0.710871,0.051586,0.072567,2025,4,2025-04
2025-01-06,CAMP002,Meta Ads,Social Media,Aquisição,Meta,Brasil,Centro-Oeste,Google,69166.0,3142.0,2565.67,109299.15,1069,387,318,34243,21800,10403,Unknown,New,0.045427,0.816572,2.400065,6.629638,8.068145,0.362021,0.297474,42.600627,41.600627,0.636626,0.303799,0.477202,2025,1,2025-01
2025-03-01,CAMP002,Meta Ads,Social Media,Aquisição,Meta,Brasil,Unknown,YouTube,34139.0,1358.0,4045.55,8951.99,437,149,60,20584,612,612,Unknown,Returning,0.039779,2.97905,9.257551,27.151342,67.425833,0.340961,0.1373,2.212799,1.212799,0.029732,0.029732,1.0,2025,3,2025-03
2025-05-17,CAMP008,Newsletter,Email,Retenção,CRM,Brasil,Centro-Oeste,Google,67987.0,3410.0,6426.44,40428.64,385,249,165,34691,1125,246,Desktop,New,0.050157,1.884587,16.692052,25.808996,38.948121,0.646753,0.428571,6.290985,5.290985,0.032429,0.007091,0.218667,2025,5,2025-05
2025-01-25,CAMP004,Email Black Friday,Email,Retenção,CRM,Brasil,Sudeste,Instagram,97051.0,0.0,4795.0,19114.77,1777,1244,522,31930,16299,7544,Desktop,New,0.0,0.0,2.698368,3.854502,9.185824,0.700056,0.293754,3.986396,2.986396,0.51046,0.236267,0.46285,2025,1,2025-01
2025-05-11,CAMP005,Remarketing,Display,Conversão,Google,Brasil,Sudeste,Facebook,5587.0,151.0,4671.29,1804.16,16,6,5,46096,6450,5038,Mobile,New,0.027027,30.935695,291.955625,778.548333,934.258,0.375,0.3125,0.386223,-0.613777,0.139925,0.109294,0.781085,2025,5,2025-05
2025-04-18,CAMP005,Remarketing,Display,Conversão,Google,Brasil,Nordeste,Google,23058.0,1293.0,347.58,17562.09,140,59,53,2958,2501,2248,Desktop,Returning,0.056076,0.268817,2.482714,5.891186,6.558113,0.421429,0.378571,50.526756,49.526756,0.845504,0.759973,0.89884,2025,4,2025-04
2025-06-02,CAMP002,Meta Ads,Social Media,Aquisição,Meta,Brasil,Sul,Google,68278.0,1734.0,360.75,11733.87,444,340,199,34160,29516,23758,Unknown,Returning,0.025396,0.208045,0.8125,1.061029,1.812814,0.765766,0.448198,32.52632,31.52632,0.864052,0.695492,0.804919,2025,6,2025-06
2025-05-31,CAMP003,Instagram,Social Media,Brand Awareness,Meta,Brasil,Sudeste,YouTube,63810.0,914.0,3073.28,20941.29,208,95,60,13109,5626,595,Mobile,New,0.014324,3.362451,14.775385,32.350316,51.221333,0.456731,0.288462,6.813987,5.813987,0.429171,0.045389,0.105759,2025,5,2025-05
2025-04-20,CAMP003,Instagram,Social Media,Brand Awareness,Meta,Brasil,Unknown,YouTube,20282.0,1117.0,5480.58,40553.53,276,153,98,30304,17915,13074,Tablet,Unknown,0.055073,4.906517,19.857174,35.820784,55.924286,0.554348,0.355072,7.399496,6.399496,0.591176,0.431428,0.72978,2025,4,2025-04
2025-06-17,CAMP004,Email Black Friday,Email,Retenção,CRM,Brasil,Sudeste,Google,48472.0,1056.0,3126.68,3101.31,255,105,31,33808,5827,67,Tablet,New,0.021786,2.960871,12.26149,29.777905,100.860645,0.411765,0.121569,0.991886,-0.008114,0.172356,0.001982,0.011498,2025,6,2025-06
2025-05-07,CAMP008,Newsletter,Email,Retenção,CRM,Brasil,Centro-Oeste,Facebook,75910.0,948.0,5195.57,3487.94,225,179,103,31462,17044,13615,Desktop,New,0.012488,5.480559,23.091422,29.025531,50.442427,0.795556,0.457778,0.67133,-0.32867,0.541733,0.432744,0.798815,2025,5,2025-05
2025-05-17,CAMP005,Remarketing,Display,Conversão,Google,Brasil,Sul,Meta,51403.0,2956.0,6219.49,5667.09,790,233,141,7317,6702,526,Desktop,Unknown,0.057506,2.104022,7.872772,26.69309,44.109858,0.294937,0.178481,0.911182,-0.088818,0.915949,0.071887,0.078484,2025,5,2025-05
2025-01-21,CAMP006,Influenciadores,Influencer,Brand Awareness,Influencers,Brasil,Sudeste,Google,94906.0,3167.0,4211.5,95785.35,365,138,138,9770,193,161,Unknown,New,0.03337,1.329807,11.538356,30.518116,30.518116,0.378082,0.378082,22.743761,21.743761,0.019754,0.016479,0.834197,2025,1,2025-01
2025-05-25,CAMP002,Meta Ads,Social Media,Aquisição,Meta,Brasil,Nordeste,Google,11716.0,409.0,1039.15,1392.93,140,60,23,31119,8333,5410,Tablet,Unknown,0.03491,2.540709,7.4225,17.319167,45.180435,0.428571,0.164286,1.340451,0.340451,0.267779,0.173849,0.649226,2025,5,2025-05
2025-02-18,CAMP006,Influenciadores,Influencer,Brand Awareness,Influencers,Brasil,Sudeste,Email,22709.0,245.0,5508.92,4421.72,50,24,24,32337,5482,2429,Mobile,New,0.010789,22.485388,110.1784,229.538333,229.538333,0.48,0.48,0.802647,-0.197353,0.169527,0.075115,0.443086,2025,2,2025-02
2025-03-29,CAMP001,Google Ads,Search,Aquisição,Google,Brasil,Nordeste,Email,64156.0,1775.0,5701.31,29984.51,478,380,121,45199,8210,6132,Mobile,Unknown,0.027667,3.212006,11.927427,15.003447,47.118264,0.794979,0.253138,5.259232,4.259232,0.181641,0.135667,0.746894,2025,3,2025-03
2025-04-13,CAMP002,Meta Ads,Social Media,Aquisição,Meta,Brasil,Unknown,Google,104291.0,5716.0,4191.15,8375.2,854,241,108,24377,13969,4033,Desktop,New,0.054808,0.733231,4.90767,17.390664,38.806944,0.282201,0.126464,1.998306,0.998306,0.57304,0.165443,0.288711,2025,4,2025-04
2025-05-27,CAMP005,Remarketing,Display,Conversão,Google,Brasil,Centro-Oeste,Meta,39542.0,1260.0,600.9,12656.82,221,169,118,21584,16585,1842,Unknown,New,0.031865,0.476905,2.719005,3.555621,5.092373,0.764706,0.533937,21.063105,20.063105,0.768393,0.085341,0.111064,2025,5,2025-05
2025-04-28,CAMP003,Instagram,Social Media,Brand Awareness,Meta,Brasil,Unknown,Instagram,69200.0,2969.0,4747.23,38232.8,960,275,275,7439,6401,5200,Desktop,Returning,0.042905,1.598932,4.945031,17.262655,17.262655,0.286458,0.286458,8.053707,7.053707,0.860465,0.699019,0.812373,2025,4,2025-04
2025-02-24,CAMP001,Google Ads,Search,Aquisição,Google,Brasil,Centro-Oeste,Google,94900.0,2919.0,5280.94,49413.3,601,420,322,11516,1130,419,Tablet,New,0.030759,1.809161,8.786922,12.573667,16.400435,0.698835,0.535774,9.356914,8.356914,0.098124,0.036384,0.370796,2025,2,2025-02
2025-04-18,CAMP006,Influenciadores,Influencer,Brand Awareness,Influencers,Brasil,Sudeste,Instagram,47849.0,47849.0,3828.34,30097.96,152,112,89,2141,1635,1403,Tablet,Returning,1.0,0.080009,25.186447,34.181607,43.015056,0.736842,0.585526,7.861883,6.861883,0.763662,0.655301,0.858104,2025,4,2025-04
2025-02-25,CAMP005,Remarketing,Display,Conversão,Google,Brasil,Unknown,Email,26312.0,729.0,311.59,6590.75,183,80,22,29797,14730,13104,Mobile,Returning,0.027706,0.427421,1.702678,3.894875,14.163182,0.437158,0.120219,21.151995,20.151995,0.494345,0.439776,0.889613,2025,2,2025-02
2025-03-06,CAMP008,Newsletter,Email,Retenção,CRM,Brasil,Sul,Meta,22438.0,1059.0,3233.49,2770.24,229,178,60,43138,7597,6133,Desktop,New,0.047197,3.053343,14.120044,18.165674,53.8915,0.777293,0.262009,0.856734,-0.143266,0.176109,0.142172,0.807292,2025,3,2025-03
2025-02-28,CAMP006,Influenciadores,Influencer,Brand Awareness,Influencers,Brasil,Centro-Oeste,YouTube,58161.0,3449.0,6220.08,17367.63,1103,641,361,19800,14973,5619,Desktop,Unknown,0.059301,1.803444,5.639238,9.703713,17.230139,0.581142,0.327289,2.792188,1.792188,0.756212,0.283788,0.375275,2025,2,2025-02
2025-02-18,CAMP005,Remarketing,Display,Conversão,Google,Brasil,Centro-Oeste,Instagram,6932.0,269.0,5443.68,5743.75,43,16,16,1340,941,382,Desktop,Returning,0.038806,20.236729,126.597209,340.23,340.23,0.372093,0.372093,1.055123,0.055123,0.702239,0.285075,0.405951,2025,2,2025-02
2025-05-09,CAMP003,Instagram,Social Media,Brand Awareness,Meta,Brasil,Centro-Oeste,Email,104931.0,4326.0,1105.81,185287.23,588,400,400,35919,9429,6905,Desktop,Unknown,0.041227,0.25562,1.880629,2.764525,2.764525,0.680272,0.680272,167.557926,166.557926,0.262507,0.192238,0.732315,2025,5,2025-05
2025-04-11,CAMP001,Google Ads,Search,Aquisição,Google,Brasil,Sudeste,Instagram,113707.0,6787.0,3915.64,55605.4,1190,597,196,45789,26086,16859,Mobile,New,0.059688,0.576932,3.290454,6.558861,19.977755,0.501681,0.164706,14.200846,13.200846,0.5697,0.368189,0.646285,2025,4,2025-04
2025-03-11,CAMP004,Email Black Friday,Email,Retenção,CRM,Brasil,Sul,Google,102808.0,6384.0,744.82,147754.76,1358,565,439,29064,24509,13527,Desktop,New,0.062096,0.11667,0.548468,1.318265,1.696629,0.416053,0.32327,198.376467,197.376467,0.843277,0.465421,0.55192,2025,3,2025-03
2025-06-28,CAMP001,Google Ads,Search,Aquisição,Google,Brasil,Sudeste,Google,60220.0,3848.0,5404.75,75466.56,903,700,222,49456,34631,16499,Mobile,New,0.063899,1.404561,5.985327,7.721071,24.345721,0.775194,0.245847,13.963007,12.963007,0.700239,0.33361,0.476423,2025,6,2025-06
2025-03-13,CAMP008,Newsletter,Email,Retenção,CRM,Brasil,Unknown,Meta,85018.0,2191.0,345.52,37339.23,305,199,105,37188,5845,4778,Mobile,Unknown,0.025771,0.1577,1.132852,1.736281,3.290667,0.652459,0.344262,108.066769,107.066769,0.157174,0.128482,0.817451,2025,3,2025-03
2025-06-18,CAMP008,Newsletter,Email,Retenção,CRM,Brasil,Sudeste,Email,57887.0,2881.0,5188.05,84607.49,386,307,203,11886,1088,24,Tablet,Unknown,0.049769,1.800781,13.440544,16.899186,25.556897,0.795337,0.525907,16.308149,15.308149,0.091536,0.002019,0.022059,2025,6,2025-06
2025-05-08,CAMP004,Email Black Friday,Email,Retenção,CRM,Brasil,Sul,Facebook,46160.0,2385.0,4046.39,27201.02,504,147,147,9605,2014,1381,Unknown,Returning,0.051668,1.6966,8.028552,27.526463,27.526463,0.291667,0.291667,6.722293,5.722293,0.209682,0.143779,0.6857,2025,5,2025-05
2025-06-22,CAMP005,Remarketing,Display,Conversão,Google,Brasil,Sudeste,Meta,15207.0,184.0,3468.36,3818.9,21,11,11,41591,15717,7355,Tablet,Returning,0.0121,18.849783,165.16,315.305455,315.305455,0.52381,0.52381,1.101068,0.101068,0.377894,0.176841,0.467965,2025,6,2025-06
2025-02-08,CAMP002,Meta Ads,Social Media,Aquisição,Meta,Brasil,Sul,Email,73487.0,1813.0,1840.17,4899.39,430,306,129,23173,436,268,Desktop,New,0.024671,1.014986,4.279465,6.013627,14.264884,0.711628,0.3,2.662466,1.662466,0.018815,0.011565,0.614679,2025,2,2025-02
2025-01-31,CAMP001,Google Ads,Search,Aquisição,Google,Brasil,Unknown,YouTube,81112.0,3976.0,3032.56,151259.78,913,548,421,32921,16237,9203,Desktop,Unknown,0.049019,0.762716,3.321533,5.533869,7.20323,0.600219,0.461117,49.878578,48.878578,0.493211,0.279548,0.566792,2025,1,2025-01
2025-01-08,CAMP003,Instagram,Social Media,Brand Awareness,Meta,Brasil,Sudeste,YouTube,76121.0,2350.0,5750.65,26646.26,645,257,90,47520,23545,18268,Unknown,New,0.030872,2.447085,8.915736,22.37607,63.896111,0.39845,0.139535,4.633608,3.633608,0.495476,0.384428,0.775876,2025,1,2025-01
2025-03-29,CAMP007,YouTube Ads,Video,Aquisição,Google,Brasil,Sul,Google,63161.0,2186.0,6121.85,11893.56,724,510,110,6793,4523,818,Unknown,Returning,0.03461,2.80048,8.455594,12.003627,55.653182,0.70442,0.151934,1.942805,0.942805,0.665832,0.120418,0.180853,2025,3,2025-03
2025-06-14,CAMP003,Instagram,Social Media,Brand Awareness,Meta,Brasil,Sudeste,Instagram,113944.0,5373.0,2611.57,105948.81,1450,365,359,13180,234,12,Desktop,New,0.047155,0.486054,1.801083,7.154986,7.274568,0.251724,0.247586,40.56901,39.56901,0.017754,0.00091,0.051282,2025,6,2025-06
2025-06-24,CAMP004,Email Black Friday,Email,Retenção,CRM,Brasil,Unknown,Facebook,59040.0,1475.0,5114.58,11362.41,137,61,38,19971,1378,1326,Desktop,New,0.024983,3.467512,37.332701,83.845574,134.594211,0.445255,0.277372,2.221572,1.221572,0.069,0.066396,0.962264,2025,6,2025-06
2025-01-13,CAMP004,Email Black Friday,Email,Retenção,CRM,Brasil,Centro-Oeste,Meta,7257.0,286.0,4719.8,3299.12,90,58,27,28747,10860,10070,Mobile,Returning,0.03941,16.502797,52.442222,81.375862,174.807407,0.644444,0.3,0.698996,-0.301004,0.377779,0.350297,0.927256,2025,1,2025-01
2025-01-03,CAMP002,Meta Ads,Social Media,Aquisição,Meta,Brasil,Centro-Oeste,Instagram,67491.0,4289.0,4481.93,20808.0,1013,300,87,8480,4213,2101,Tablet,New,0.063549,1.044983,4.424413,14.939767,51.516437,0.29615,0.085884,4.642643,3.642643,0.496816,0.247759,0.498695,2025,1,2025-01
2025-01-13,CAMP006,Influenciadores,Influencer,Brand Awareness,Influencers,Brasil,Sudeste,Instagram,25132.0,1506.0,4654.58,62404.18,155,101,101,37021,24087,12828,Mobile,Returning,0.059924,3.090691,30.029548,46.08495,46.08495,0.651613,0.651613,13.407049,12.407049,0.650631,0.346506,0.532569,2025,1,2025-01
2025-03-06,CAMP002,Meta Ads,Social Media,Aquisição,Meta,Brasil,Sudeste,Google,25307.0,858.0,1545.76,4489.78,267,151,36,49861,30116,15493,Mobile,Returning,0.033904,1.801585,5.789363,10.236821,42.937778,0.565543,0.134831,2.904578,1.904578,0.603999,0.310724,0.514444,2025,3,2025-03
2025-05-06,CAMP001,Google Ads,Search,Aquisição,Google,Brasil,Unknown,Facebook,11155.0,90.0,4255.01,1644.9,27,7,4,46280,27606,15064,Desktop,Returning,0.008068,47.277889,157.592963,607.858571,1063.7525,0.259259,0.148148,0.38658,-0.61342,0.5965,0.325497,0.545678,2025,5,2025-05
2025-06-06,CAMP005,Remarketing,Display,Conversão,Google,Brasil,Sul,Instagram,97769.0,4144.0,529.2,82640.04,982,780,268,27423,10847,9171,Unknown,New,0.042386,0.127703,0.5389,0.678462,1.974627,0.794297,0.272912,156.160317,155.160317,0.395544,0.334427,0.845487,2025,6,2025-06
2025-02-28,CAMP001,Google Ads,Search,Aquisição,Google,Brasil,Sul,Google,51169.0,980.0,4102.33,10023.83,231,76,42,14379,5102,3483,Mobile,Returning,0.019152,4.186051,17.759004,53.978026,97.674524,0.329004,0.181818,2.443448,1.443448,0.354823,0.242228,0.682673,2025,2,2025-02
2025-02-26,CAMP006,Influenciadores,Influencer,Brand Awareness,Influencers,Brasil,Sudeste,Email,23990.0,274.0,4532.11,9117.35,58,21,21,35464,11185,10661,Mobile,Unknown,0.011421,16.540547,78.139828,215.814762,215.814762,0.362069,0.362069,2.011723,1.011723,0.31539,0.300615,0.953152,2025,2,2025-02
2025-05-14,CAMP006,Influenciadores,Influencer,Brand Awareness,Influencers,Brasil,Nordeste,Google,69805.0,4253.0,0.0,56945.79,866,483,403,44527,11691,492,Mobile,Returning,0.060927,0.0,0.0,0.0,0.0,0.557737,0.465358,0.0,0.0,0.26256,0.011049,0.042084,2025,5,2025-05
2025-02-19,CAMP005,Remarketing,Display,Conversão,Google,Brasil,Centro-Oeste,Google,113042.0,3429.0,841.47,85369.86,735,348,288,11685,7160,5451,Mobile,Returning,0.030334,0.245398,1.144857,2.418017,2.921771,0.473469,0.391837,101.453243,100.453243,0.612751,0.466496,0.761313,2025,2,2025-02
2025-02-24,CAMP007,YouTube Ads,Video,Aquisição,Google,Brasil,Unknown,Instagram,35873.0,315.0,4798.98,6422.85,84,39,32,6366,519,140,Unknown,New,0.008781,15.234857,57.130714,123.050769,149.968125,0.464286,0.380952,1.338378,0.338378,0.081527,0.021992,0.26975,2025,2,2025-02
2025-02-08,CAMP003,Instagram,Social Media,Brand Awareness,Meta,Brasil,Centro-Oeste,Meta,36312.0,627.0,5049.83,11482.73,52,13,13,4583,4009,3326,Desktop,New,0.017267,8.053955,97.112115,388.448462,388.448462,0.25,0.25,2.273884,1.273884,0.874755,0.725726,0.829633,2025,2,2025-02
2025-06-25,CAMP007,YouTube Ads,Video,Aquisição,Google,Brasil,Sudeste,Facebook,10722.0,240.0,2707.55,3457.61,19,14,9,20702,2176,600,Desktop,Returning,0.022384,11.281458,142.502632,193.396429,300.838889,0.736842,0.473684,1.277025,0.277025,0.105111,0.028983,0.275735,2025,6,2025-06
2025-04-04,CAMP005,Remarketing,Display,Conversão,Google,Brasil,Sudeste,Facebook,111082.0,6909.0,2417.72,181534.21,1020,571,522,16417,14188,13715,Desktop,New,0.062197,0.349938,2.370314,4.234186,4.631648,0.559804,0.511765,75.084877,74.084877,0.864226,0.835415,0.966662,2025,4,2025-04
2025-05-13,CAMP001,Google Ads,Search,Aquisição,Google,Brasil,Sudeste,Email,39681.0,2480.0,4465.14,11734.7,487,314,135,23626,10521,1132,Tablet,Returning,0.062498,1.80046,9.168665,14.220191,33.075111,0.644764,0.277207,2.62807,1.62807,0.445314,0.047913,0.107594,2025,5,2025-05
2025-04-16,CAMP007,YouTube Ads,Video,Aquisição,Google,Brasil,Centro-Oeste,Google,13275.0,482.0,3903.68,2435.87,81,58,17,29152,20954,16654,Desktop,Returning,0.036309,8.098921,48.19358,67.304828,229.628235,0.716049,0.209877,0.623993,-0.376007,0.718784,0.571282,0.794789,2025,4,2025-04
2025-06-13,CAMP008,Newsletter,Email,Retenção,CRM,Brasil,Unknown,Google,67433.0,3514.0,5387.4,46469.0,720,197,182,44884,44884,4958,Mobile,Unknown,0.052111,1.533125,7.4825,27.347208,29.601099,0.273611,0.252778,8.625497,7.625497,1.0,0.110463,0.110463,2025,6,2025-06
2025-02-23,CAMP001,Google Ads,Email,Aquisição,Google,Brasil,Nordeste,Google,108749.0,1208.0,1585.9,25863.29,195,73,73,23318,10179,3109,Tablet,Unknown,0.011108,1.312831,8.132821,21.724658,21.724658,0.374359,0.374359,16.308273,15.308273,0.43653,0.13333,0.305433,2025,2,2025-02
2025-02-27,CAMP007,YouTube Ads,Video,Aquisição,Google,Brasil,Unknown,Email,62649.0,3700.0,1755.37,64263.84,421,183,183,21195,11814,11791,Mobile,Returning,0.059059,0.474424,4.169525,9.592186,9.592186,0.434679,0.434679,36.609854,35.609854,0.557396,0.55631,0.998053,2025,2,2025-02
2025-01-31,CAMP007,YouTube Ads,Video,Aquisição,Google,Brasil,Sul,Email,69425.0,3362.0,5107.01,30354.62,1133,309,109,29483,22063,13422,Tablet,New,0.048426,1.519039,4.507511,16.52754,46.853303,0.272727,0.096205,5.943717,4.943717,0.74833,0.455245,0.608349,2025,1,2025-01
2025-02-20,CAMP001,Google Ads,Search,Aquisição,Google,Brasil,Sudeste,Meta,82603.0,5239.0,1159.81,45911.63,558,386,325,14689,166,125,Desktop,New,0.063424,0.22138,2.078513,3.004689,3.568646,0.691756,0.582437,39.585475,38.585475,0.011301,0.00851,0.753012,2025,2,2025-02
2025-03-14,CAMP005,Remarketing,Display,Conversão,Google,Brasil,Nordeste,Instagram,26644.0,537.0,1149.02,5418.78,153,94,45,38055,12112,7106,Mobile,New,0.020155,2.139702,7.509935,12.223617,25.533778,0.614379,0.294118,4.716001,3.716001,0.318276,0.18673,0.586691,2025,3,2025-03
2025-02-12,CAMP003,Instagram,Social Media,Brand Awareness,Meta,Brasil,Centro-Oeste,Google,39675.0,598.0,4061.04,21636.16,63,35,35,5997,992,944,Tablet,Returning,0.015072,6.791037,64.460952,116.029714,116.029714,0.555556,0.555556,5.327739,4.327739,0.165416,0.157412,0.951613,2025,2,2025-02
2025-05-14,CAMP008,Newsletter,Email,Retenção,CRM,Brasil,Sudeste,Facebook,104303.0,1900.0,3659.69,40387.71,219,158,158,17835,17266,10758,Desktop,New,0.018216,1.926153,16.710913,23.162595,23.162595,0.721461,0.721461,11.035828,10.035828,0.968096,0.603196,0.623074,2025,5,2025-05
2025-03-13,CAMP004,Email Black Friday,Email,Retenção,CRM,Brasil,Sudeste,YouTube,77827.0,1451.0,2630.83,3482.05,277,211,77,39811,6989,6261,Mobile,New,0.018644,1.813115,9.497581,12.468389,34.166623,0.761733,0.277978,1.323556,0.323556,0.175554,0.157268,0.895836,2025,3,2025-03
2025-05-03,CAMP003,Instagram,Social Media,Brand Awareness,Meta,Brasil,Centro-Oeste,Meta,31049.0,611.0,6386.01,11446.15,169,53,33,25703,5941,4855,Mobile,New,0.019679,10.451735,37.787041,120.490755,193.515455,0.313609,0.195266,1.792379,0.792379,0.23114,0.188888,0.817202,2025,5,2025-05
2025-05-16,CAMP001,Google Ads,Search,Aquisição,Google,Brasil,Sul,Facebook,59845.0,2248.0,6313.8,9007.76,424,278,139,15256,3802,1712,Mobile,New,0.037564,2.80863,14.891038,22.711511,45.423022,0.65566,0.32783,1.426678,0.426678,0.249213,0.112218,0.450289,2025,5,2025-05
2025-02-04,CAMP001,Google Ads,Search,Aquisição,Google,Brasil,Nordeste,Facebook,46167.0,2029.0,4530.1,18954.22,488,168,147,23547,16346,2600,Desktop,Returning,0.043949,2.232676,9.282992,26.964881,30.817007,0.344262,0.30123,4.184062,3.184062,0.694186,0.110417,0.15906,2025,2,2025-02
2025-03-07,CAMP007,YouTube Ads,Video,Aquisição,Google,Brasil,Sul,Meta,35109.0,1564.0,2520.2,37758.57,315,195,139,37963,18689,7619,Mobile,New,0.044547,1.611381,8.000635,12.924103,18.130935,0.619048,0.44127,14.98237,13.98237,0.492295,0.200695,0.407673,2025,3,2025-03
2025-03-20,CAMP005,Remarketing,Display,Conversão,Google,Brasil,Nordeste,Facebook,53442.0,2671.0,1436.72,80296.63,719,448,287,38164,13318,816,Mobile,New,0.049979,0.537896,1.99822,3.206964,5.005993,0.623088,0.399166,55.888851,54.888851,0.348968,0.021381,0.06127,2025,3,2025-03
2025-03-14,CAMP004,Email Black Friday,Email,Retenção,CRM,Brasil,Nordeste,Instagram,86132.0,3719.0,1513.14,105297.76,797,524,344,8674,1364,1150,Tablet,Returning,0.043178,0.406867,1.898545,2.887672,4.398663,0.657465,0.431619,69.588908,68.588908,0.157252,0.13258,0.843109,2025,3,2025-03
2025-06-04,CAMP001,Google Ads,Search,Aquisição,Google,Brasil,Sudeste,YouTube,95009.0,6155.0,3622.66,73927.12,1657,600,286,44764,1134,1070,Tablet,Returning,0.064783,0.588572,2.186276,6.037767,12.666643,0.3621,0.172601,20.406861,19.406861,0.025333,0.023903,0.943563,2025,6,2025-06
2025-02-03,CAMP008,Newsletter,Email,Retenção,CRM,Brasil,Nordeste,Facebook,117935.0,3328.0,1517.44,56036.49,800,363,198,2361,1573,638,Tablet,Returning,0.028219,0.455962,1.8968,4.180275,7.663838,0.45375,0.2475,36.928307,35.928307,0.666243,0.270224,0.405594,2025,2,2025-02
2025-04-12,CAMP002,Meta Ads,Social Media,Aquisição,Meta,Brasil,Sudeste,YouTube,102088.0,2290.0,2001.0,92696.22,447,162,162,17678,5488,4027,Tablet,New,0.022432,0.873799,4.47651,12.351852,12.351852,0.362416,0.362416,46.324948,45.324948,0.310442,0.227797,0.733783,2025,4,2025-04
2025-02-25,CAMP002,Meta Ads,Social Media,Aquisição,Meta,Brasil,Sudeste,YouTube,90178.0,3056.0,1727.24,79324.46,597,294,248,6668,1358,91,Desktop,New,0.033889,0.565196,2.893199,5.874966,6.964677,0.492462,0.41541,45.925558,44.925558,0.203659,0.013647,0.06701,2025,2,2025-02
2025-01-04,CAMP001,Google Ads,Search,Aquisição,Google,Brasil,Centro-Oeste,Email,102493.0,3756.0,3268.46,30826.97,407,272,96,31449,8312,7552,Mobile,New,0.036646,0.870197,8.030614,12.016397,34.046458,0.668305,0.235872,9.43165,8.43165,0.264301,0.240135,0.908566,2025,1,2025-01
2025-01-21,CAMP004,Email Black Friday,Email,Retenção,CRM,Brasil,Centro-Oeste,Email,54393.0,3168.0,4500.6,37379.89,500,210,210,27935,21225,3606,Mobile,Returning,0.058243,1.420644,9.0012,21.431429,21.431429,0.42,0.42,8.305535,7.305535,0.7598,0.129085,0.169894,2025,1,2025-01
2025-06-02,CAMP008,Newsletter,Email,Retenção,CRM,Brasil,Unknown,Facebook,100980.0,2579.0,6200.38,54652.44,453,239,239,31816,23408,6972,Tablet,Returning,0.02554,2.40418,13.687373,25.943013,25.943013,0.527594,0.527594,8.814369,7.814369,0.73573,0.219135,0.297847,2025,6,2025-06
2025-05-30,CAMP007,YouTube Ads,Video,Aquisição,Google,Brasil,Unknown,Instagram,105776.0,6024.0,5470.72,192685.56,1699,835,518,47364,27886,1700,Tablet,New,0.056951,0.908154,3.219965,6.55176,10.561236,0.491466,0.304885,35.221243,34.221243,0.588759,0.035892,0.060962,2025,5,2025-05
2025-04-14,CAMP007,YouTube Ads,Video,Aquisição,Google,Brasil,Nordeste,Facebook,91465.0,3504.0,2034.6,90574.52,606,289,289,42458,23501,21113,Desktop,New,0.03831,0.580651,3.357426,7.040138,7.040138,0.476898,0.476898,44.517114,43.517114,0.553512,0.497268,0.898387,2025,4,2025-04
2025-01-28,CAMP001,Google Ads,Search,Aquisição,Google,Brasil,Sul,Facebook,97365.0,1705.0,1849.27,13394.91,481,271,174,9328,3360,3005,Mobile,New,0.017511,1.084616,3.844636,6.823875,10.627989,0.56341,0.361746,7.24335,6.24335,0.360206,0.322148,0.894345,2025,1,2025-01
2025-06-06,CAMP001,Google Ads,Search,Aquisição,Google,Brasil,Sudeste,Email,96057.0,2561.0,3803.85,16192.7,858,543,216,28964,11164,4390,Tablet,New,0.026661,1.485299,4.433392,7.005249,17.610417,0.632867,0.251748,4.256924,3.256924,0.385444,0.151567,0.393228,2025,6,2025-06
2025-01-07,CAMP001,Google Ads,Search,Aquisição,Google,Brasil,Nordeste,Google,35009.0,1293.0,265.09,26564.87,127,64,64,37468,30698,10655,Unknown,Returning,0.036933,0.205019,2.087323,4.142031,4.142031,0.503937,0.503937,100.210759,99.210759,0.819312,0.284376,0.347091,2025,1,2025-01
2025-04-30,CAMP001,Google Ads,Search,Aquisição,Google,Brasil,Sul,Email,64191.0,3572.0,5505.12,88420.52,607,416,361,5434,658,428,Unknown,New,0.055646,1.541187,9.06939,13.233462,15.24964,0.685338,0.594728,16.061506,15.061506,0.121089,0.078763,0.650456,2025,4,2025-04
2025-05-26,CAMP008,Newsletter,Email,Retenção,CRM,Brasil,Sudeste,Email,48442.0,1163.0,416.61,10203.83,150,98,56,31835,11064,4780,Tablet,Returning,0.024008,0.35822,2.7774,4.251122,7.439464,0.653333,0.373333,24.492523,23.492523,0.347542,0.150149,0.432032,2025,5,2025-05
2025-05-03,CAMP008,Newsletter,Email,Retenção,CRM,Brasil,Unknown,Facebook,96881.0,2548.0,2375.81,20046.15,251,113,97,23387,2890,2666,Mobile,New,0.0263,0.932422,9.465378,21.024867,24.492887,0.450199,0.386454,8.437607,7.437607,0.123573,0.113995,0.922491,2025,5,2025-05
2025-04-02,CAMP001,Google Ads,Search,Aquisição,Google,Brasil,Centro-Oeste,Facebook,5670.0,305.0,3632.46,2975.33,87,49,29,33172,11577,3792,Desktop,Unknown,0.053792,11.909705,41.752414,74.131837,125.257241,0.563218,0.333333,0.819095,-0.180905,0.348999,0.114313,0.327546,2025,4,2025-04
2025-03-12,CAMP003,Instagram,Social Media,Brand Awareness,Meta,Brasil,Centro-Oeste,Email,40931.0,782.0,4912.36,32659.01,222,128,84,1489,937,843,Desktop,Returning,0.019105,6.28179,22.127748,38.377812,58.480476,0.576577,0.378378,6.648334,5.648334,0.629281,0.566152,0.89968,2025,3,2025-03
2025-02-09,CAMP001,Google Ads,Search,Aquisição,Google,Brasil,Unknown,Google,45172.0,914.0,5914.77,13629.62,119,34,34,7539,370,345,Unknown,New,0.020234,6.471302,49.70395,173.963824,173.963824,0.285714,0.285714,2.304336,1.304336,0.049078,0.045762,0.932432,2025,2,2025-02
2025-06-15,CAMP007,YouTube Ads,Video,Aquisição,Google,Brasil,Unknown,Instagram,17226.0,762.0,1861.4,5361.86,203,75,37,8957,3046,974,Mobile,Unknown,0.044235,2.442782,9.169458,24.818667,50.308108,0.369458,0.182266,2.880552,1.880552,0.340069,0.108742,0.319764,2025,6,2025-06
2025-06-10,CAMP004,Email Black Friday,Email,Retenção,CRM,Brasil,Centro-Oeste,Email,20899.0,425.0,1826.43,5971.91,135,94,43,34457,20143,2103,Unknown,New,0.020336,4.297482,13.529111,19.430106,42.475116,0.696296,0.318519,3.269717,2.269717,0.584584,0.061033,0.104404,2025,6,2025-06
2025-01-08,CAMP002,Meta Ads,Social Media,Aquisição,Meta,Brasil,Sul,Facebook,72914.0,3961.0,6292.12,127454.78,1282,978,538,15908,10697,1474,Tablet,Unknown,0.054324,1.588518,4.90805,6.433661,11.69539,0.762871,0.419657,20.256254,19.256254,0.672429,0.092658,0.137796,2025,1,2025-01
2025-02-04,CAMP001,Google Ads,Search,Aquisição,Google,Brasil,Sul,Meta,116603.0,6859.0,2728.17,60445.46,714,301,301,44469,33687,17375,Desktop,Returning,0.058824,0.39775,3.820966,9.063688,9.063688,0.421569,0.421569,22.156046,21.156046,0.757539,0.390722,0.515778,2025,2,2025-02
2025-03-26,CAMP008,Newsletter,Email,Retenção,CRM,Brasil,Unknown,Meta,98308.0,4075.0,6440.81,104222.07,812,518,309,39163,18642,11094,Desktop,Unknown,0.041451,1.580567,7.932032,12.433996,20.844045,0.637931,0.380542,16.181516,15.181516,0.476011,0.283278,0.595108,2025,3,2025-03
2025-02-28,CAMP007,YouTube Ads,Video,Aquisição,Google,Brasil,Sul,Email,75532.0,4890.0,4274.38,203969.95,1335,769,577,29554,19345,13878,Desktop,Unknown,0.064741,0.874106,3.201783,5.558362,7.407938,0.57603,0.43221,47.71919,46.71919,0.654565,0.469581,0.717395,2025,2,2025-02
2025-06-18,CAMP007,YouTube Ads,Video,Aquisição,Google,Brasil,Unknown,YouTube,5570.0,265.0,1898.08,2928.43,66,38,22,10941,7086,6864,Mobile,Returning,0.047576,7.162566,28.758788,49.949474,86.276364,0.575758,0.333333,1.542838,0.542838,0.647656,0.627365,0.968671,2025,6,2025-06
2025-04-22,CAMP002,Meta Ads,Social Media,Aquisição,Meta,Brasil,Centro-Oeste,Google,17192.0,735.0,5472.28,22942.12,249,135,65,6213,4108,3020,Unknown,New,0.042752,7.445279,21.977028,40.535407,84.188923,0.542169,0.261044,4.192424,3.192424,0.661194,0.486078,0.735151,2025,4,2025-04
2025-01-26,CAMP004,Email Black Friday,Email,Retenção,CRM,Brasil,Centro-Oeste,Facebook,113106.0,4726.0,480.13,22425.84,918,272,247,30299,6582,5263,Desktop,Unknown,0.041784,0.101593,0.523017,1.765184,1.943846,0.296296,0.269063,46.70785,45.70785,0.217235,0.173702,0.799605,2025,1,2025-01
2025-03-29,CAMP007,YouTube Ads,Video,Aquisição,Google,Brasil,Nordeste,Email,8327.0,447.0,340.67,20410.53,110,86,53,28230,9076,3805,Desktop,New,0.053681,0.762125,3.097,3.961279,6.427736,0.781818,0.481818,59.912907,58.912907,0.321502,0.134786,0.419238,2025,3,2025-03
2025-03-05,CAMP001,Google Ads,Search,Aquisição,Google,Brasil,Centro-Oeste,Instagram,77489.0,4762.0,2598.54,11769.16,651,244,113,33101,2775,905,Desktop,Unknown,0.061454,0.545682,3.991613,10.649754,22.995929,0.374808,0.173579,4.529143,3.529143,0.083834,0.027341,0.326126,2025,3,2025-03
2025-02-09,CAMP006,Influenciadores,Influencer,Brand Awareness,Influencers,Brasil,Centro-Oeste,Instagram,95695.0,3164.0,5219.16,26538.76,508,191,139,37902,15408,7587,Tablet,New,0.033063,1.649545,10.273937,27.325445,37.547914,0.375984,0.273622,5.084872,4.084872,0.406522,0.200174,0.492407,2025,2,2025-02
2025-01-04,CAMP006,Influenciadores,Social Media,Brand Awareness,Influencers,Brasil,Unknown,Facebook,49254.0,2574.0,6415.73,10163.6,274,193,97,4373,2143,485,Desktop,Returning,0.05226,2.492514,23.415073,33.242124,66.141546,0.70438,0.354015,1.584169,0.584169,0.490053,0.110908,0.226318,2025,1,2025-01
2025-03-28,CAMP006,Influenciadores,Influencer,Brand Awareness,Influencers,Brasil,Sudeste,Email,24520.0,838.0,5372.12,3875.54,161,80,41,34455,28018,21451,Mobile,New,0.034176,6.410644,33.367205,67.1515,131.027317,0.496894,0.254658,0.721417,-0.278583,0.813177,0.62258,0.765615,2025,3,2025-03
2025-05-28,CAMP008,Newsletter,Email,Retenção,CRM,Brasil,Sul,Google,69729.0,1333.0,4859.42,21777.67,280,199,88,33994,20527,11151,Unknown,Unknown,0.019117,3.645476,17.355071,24.419196,55.220682,0.710714,0.314286,4.481537,3.481537,0.603842,0.328028,0.543236,2025,5,2025-05
2025-03-22,CAMP005,Remarketing,Display,Conversão,Google,Brasil,Unknown,YouTube,72568.0,1306.0,3828.65,23907.81,331,124,97,49920,43852,1695,Desktop,Unknown,0.017997,2.931585,11.566918,30.87621,39.470619,0.374622,0.293051,6.244449,5.244449,0.878446,0.033954,0.038653,2025,3,2025-03
2025-06-05,CAMP006,Influenciadores,Influencer,Brand Awareness,Influencers,Brasil,Sul,Facebook,55818.0,1028.0,1964.24,41103.1,351,198,104,26805,26143,11874,Desktop,New,0.018417,1.910739,5.596125,9.920404,18.886923,0.564103,0.296296,20.925702,19.925702,0.975303,0.442977,0.454194,2025,6,2025-06
2025-01-31,CAMP003,Instagram,Social Media,Brand Awareness,Meta,Brasil,Sudeste,Meta,54500.0,2908.0,4422.06,15032.23,403,294,97,12669,6531,4620,Mobile,Returning,0.053358,1.520653,10.972854,15.04102,45.588247,0.729529,0.240695,3.399373,2.399373,0.51551,0.36467,0.707395,2025,1,2025-01
2025-03-22,CAMP004,Email Black Friday,Email,Retenção,CRM,Brasil,Centro-Oeste,Email,47933.0,1108.0,1416.86,14575.36,159,122,81,9519,314,110,Mobile,Returning,0.023116,1.278755,8.911069,11.613607,17.492099,0.767296,0.509434,10.287086,9.287086,0.032987,0.011556,0.350318,2025,3,2025-03
2025-01-16,CAMP001,Google Ads,Search,Aquisição,Google,Brasil,Sul,Instagram,87806.0,3141.0,3940.38,78931.73,903,423,238,36596,29866,14996,Mobile,Returning,0.035772,1.254499,4.363654,9.315319,16.556218,0.468439,0.263566,20.031502,19.031502,0.8161,0.409772,0.502109,2025,1,2025-01
2025-04-18,CAMP002,Meta Ads,Social Media,Aquisição,Meta,Brasil,Nordeste,Google,109926.0,1652.0,1918.29,49211.85,546,435,238,47922,13409,3791,Tablet,New,0.015028,1.161192,3.513352,4.409862,8.060042,0.796703,0.435897,25.65402,24.65402,0.279809,0.079108,0.282721,2025,4,2025-04
2025-05-16,CAMP001,Google Ads,Search,Aquisição,Google,Brasil,Unknown,YouTube,62415.0,3780.0,4028.39,49118.08,359,201,201,44423,41692,9940,Mobile,Unknown,0.060562,1.065712,11.221142,20.041741,20.041741,0.559889,0.559889,12.19298,11.19298,0.938523,0.223758,0.238415,2025,5,2025-05
2025-02-23,CAMP005,Remarketing,Display,Conversão,Google,Brasil,Unknown,Instagram,109135.0,5695.0,2341.28,20302.95,1934,1193,735,38531,10234,8464,Mobile,Unknown,0.052183,0.411112,1.210589,1.962515,3.185415,0.616856,0.380041,8.671731,7.671731,0.265604,0.219667,0.827047,2025,2,2025-02
2025-03-09,CAMP003,Instagram,Social Media,Brand Awareness,Meta,Brasil,Nordeste,Google,49757.0,1184.0,6267.34,4341.83,323,206,95,7226,5305,1378,Mobile,New,0.023796,5.293361,19.403529,30.423981,65.972,0.637771,0.294118,0.692771,-0.307229,0.734154,0.1907,0.259755,2025,3,2025-03
2025-02-09,CAMP008,Newsletter,Email,Retenção,CRM,Brasil,Sudeste,Meta,81384.0,4990.0,2515.43,68066.32,482,144,144,4358,1398,653,Desktop,New,0.061314,0.504094,5.218734,17.468264,17.468264,0.298755,0.298755,27.059517,26.059517,0.320789,0.149839,0.467096,2025,2,2025-02
2025-04-28,CAMP008,Newsletter,Email,Retenção,CRM,Brasil,Nordeste,Meta,81777.0,81777.0,1883.81,56659.16,776,242,242,49240,17570,12392,Mobile,New,1.0,0.023036,2.42759,7.784339,7.784339,0.311856,0.311856,30.076897,29.076897,0.356824,0.251665,0.705293,2025,4,2025-04
2025-05-20,CAMP004,Email Black Friday,Email,Retenção,CRM,Brasil,Unknown,Email,117086.0,2905.0,829.81,30769.04,804,616,278,30523,5552,627,Mobile,Returning,0.024811,0.285649,1.032102,1.347094,2.984928,0.766169,0.345771,37.079621,36.079621,0.181896,0.020542,0.112932,2025,5,2025-05
2025-05-23,CAMP006,Influenciadores,Influencer,Brand Awareness,Influencers,Brasil,Centro-Oeste,Instagram,45953.0,1153.0,2904.91,12094.91,128,70,70,41047,1987,90,Desktop,Returning,0.025091,2.519436,22.694609,41.498714,41.498714,0.546875,0.546875,4.163609,3.163609,0.048408,0.002193,0.045294,2025,5,2025-05
2025-05-18,CAMP008,Newsletter,Email,Retenção,CRM,Brasil,Centro-Oeste,Google,58592.0,3616.0,1762.5,29341.66,385,112,85,21922,1260,869,Desktop,New,0.061715,0.487417,4.577922,15.736607,20.735294,0.290909,0.220779,16.64775,15.64775,0.057477,0.039641,0.689683,2025,5,2025-05
2025-04-14,CAMP001,Google Ads,Search,Aquisição,Google,Brasil,Sudeste,Email,19011.0,820.0,1566.44,32409.7,240,158,86,42691,3961,605,Mobile,Returning,0.043133,1.910293,6.526833,9.914177,18.214419,0.658333,0.358333,20.690036,19.690036,0.092783,0.014172,0.152739,2025,4,2025-04
2025-03-17,CAMP001,Google Ads,Search,Aquisição,Google,Brasil,Sudeste,YouTube,59710.0,1220.0,3797.67,18397.74,324,240,145,37885,18412,14343,Mobile,Unknown,0.020432,3.112844,11.721204,15.823625,26.190828,0.740741,0.447531,4.844481,3.844481,0.485997,0.378593,0.779003,2025,3,2025-03
2025-06-15,CAMP001,Google Ads,Search,Aquisição,Google,Brasil,Nordeste,YouTube,83672.0,2378.0,3742.12,37374.56,279,158,158,10968,2462,1268,Tablet,New,0.02842,1.573642,13.412616,23.684304,23.684304,0.566308,0.566308,9.987536,8.987536,0.224471,0.115609,0.515028,2025,6,2025-06
2025-05-31,CAMP001,Google Ads,Search,Aquisição,Google,Brasil,Nordeste,Facebook,77920.0,3295.0,2129.94,61516.11,845,499,373,6368,4621,1485,Desktop,Returning,0.042287,0.646416,2.520639,4.268417,5.710295,0.590533,0.44142,28.881616,27.881616,0.72566,0.233197,0.321359,2025,5,2025-05
2025-03-22,CAMP003,Instagram,Social Media,Brand Awareness,Meta,Brasil,Centro-Oeste,YouTube,56618.0,1597.0,2710.37,42158.92,479,280,116,48466,37952,35170,Mobile,Unknown,0.028207,1.697163,5.658392,9.679893,23.365259,0.584551,0.242171,15.554673,14.554673,0.783064,0.725663,0.926697,2025,3,2025-03
2025-03-09,CAMP008,Newsletter,Email,Retenção,CRM,Brasil,Sudeste,Email,104111.0,104111.0,416.16,39831.47,221,162,162,29807,4887,3854,Mobile,Returning,1.0,0.003997,1.883077,2.568889,2.568889,0.733032,0.733032,95.711914,94.711914,0.163955,0.129298,0.788623,2025,3,2025-03
2025-04-13,CAMP003,Instagram,Social Media,Brand Awareness,Meta,Brasil,Unknown,YouTube,38769.0,1009.0,730.23,8416.84,92,62,45,45641,37034,19094,Mobile,Unknown,0.026026,0.723717,7.937283,11.777903,16.227333,0.673913,0.48913,11.526286,10.526286,0.81142,0.418352,0.51558,2025,4,2025-04
2025-04-18,CAMP006,Influenciadores,Influencer,Brand Awareness,Influencers,Brasil,Sul,Meta,57227.0,2963.0,2904.44,32966.21,675,270,200,42989,2671,2423,Desktop,Returning,0.051776,0.980236,4.302874,10.757185,14.5222,0.4,0.296296,11.350281,10.350281,0.062132,0.056363,0.907151,2025,4,2025-04
2025-04-06,CAMP001,Google Ads,Search,Aquisição,Google,Brasil,Centro-Oeste,Facebook,84235.0,2231.0,1489.13,32687.17,672,330,88,19581,14191,2806,Mobile,Returning,0.026485,0.667472,2.215967,4.512515,16.921932,0.491071,0.130952,21.950515,20.950515,0.724733,0.143302,0.197731,2025,4,2025-04
2025-03-01,CAMP001,Google Ads,Search,Aquisição,Google,Brasil,Nordeste,Meta,7123.0,324.0,914.46,11174.8,41,24,24,49174,35699,12317,Tablet,New,0.045486,2.822407,22.303902,38.1025,38.1025,0.585366,0.585366,12.220108,11.220108,0.725973,0.250478,0.345024,2025,3,2025-03
2025-02-27,CAMP002,Meta Ads,Social Media,Aquisição,Meta,Brasil,Nordeste,Google,115966.0,6248.0,1163.62,24846.32,629,238,134,41149,21164,20176,Mobile,New,0.053878,0.186239,1.849952,4.88916,8.683731,0.378378,0.213037,21.352607,20.352607,0.514326,0.490316,0.953317,2025,2,2025-02
2025-03-16,CAMP006,Influenciadores,Influencer,Brand Awareness,Influencers,Brasil,Centro-Oeste,Instagram,95895.0,3904.0,331.94,60948.97,324,221,219,23831,2345,75,Unknown,New,0.040711,0.085026,1.024506,1.501991,1.515708,0.682099,0.675926,183.614418,182.614418,0.098401,0.003147,0.031983,2025,3,2025-03
2025-02-28,CAMP002,Meta Ads,Social Media,Aquisição,Meta,Brasil,Nordeste,Email,9686.0,227.0,2529.48,6406.93,24,11,11,1016,62,60,Tablet,New,0.023436,11.143084,105.395,229.952727,229.952727,0.458333,0.458333,2.532904,1.532904,0.061024,0.059055,0.967742,2025,2,2025-02
2025-02-05,CAMP008,Newsletter,Email,Retenção,CRM,Brasil,Unknown,Instagram,73379.0,798.0,1974.52,11207.27,135,82,64,35172,23324,20674,Desktop,Unknown,0.010875,2.474336,14.626074,24.079512,30.851875,0.607407,0.474074,5.675947,4.675947,0.663141,0.587797,0.886383,2025,2,2025-02
2025-01-21,CAMP002,Meta Ads,Social Media,Aquisição,Meta,Brasil,Sudeste,Email,58311.0,1451.0,3626.08,52724.45,251,119,119,40876,20323,16428,Desktop,Unknown,0.024884,2.499021,14.446534,30.471261,30.471261,0.474104,0.474104,14.540344,13.540344,0.497187,0.401898,0.808345,2025,1,2025-01
2025-01-22,CAMP004,Email Black Friday,Email,Retenção,CRM,Brasil,Centro-Oeste,Instagram,5691.0,336.0,1610.46,3297.65,48,29,16,18695,8579,3121,Unknown,Returning,0.059041,4.793036,33.55125,55.533103,100.65375,0.604167,0.333333,2.047645,1.047645,0.458893,0.166943,0.363795,2025,1,2025-01
2025-01-22,CAMP005,Remarketing,Display,Conversão,Google,Brasil,Sul,Email,31553.0,315.0,340.64,8552.17,68,21,21,13450,10680,10068,Mobile,Returning,0.009983,1.081397,5.009412,16.220952,16.220952,0.308824,0.308824,25.106182,24.106182,0.794052,0.74855,0.942697,2025,1,2025-01
2025-05-18,CAMP004,Email Black Friday,Email,Retenção,CRM,Brasil,Sudeste,Instagram,119817.0,5184.0,3329.51,131371.99,447,217,217,38770,33654,26627,Mobile,New,0.043266,0.642267,7.448568,15.343364,15.343364,0.485459,0.485459,39.456854,38.456854,0.868042,0.686794,0.791199,2025,5,2025-05
2025-04-02,CAMP003,Instagram,Social Media,Brand Awareness,Meta,Brasil,Sul,Instagram,12135.0,300.0,5010.06,1826.32,94,28,11,45327,41777,7498,Desktop,New,0.024722,16.7002,53.298511,178.930714,455.46,0.297872,0.117021,0.364531,-0.635469,0.92168,0.16542,0.179477,2025,4,2025-04
2025-04-23,CAMP003,Instagram,Social Media,Brand Awareness,Meta,Brasil,Centro-Oeste,Google,89149.0,3778.0,3803.53,73863.15,583,392,327,9635,297,295,Unknown,New,0.042378,1.006758,6.524065,9.702883,11.63159,0.672384,0.560892,19.419631,18.419631,0.030825,0.030618,0.993266,2025,4,2025-04
2025-06-14,CAMP007,YouTube Ads,Video,Aquisição,Google,Brasil,Sudeste,Meta,22653.0,350.0,5543.98,2573.07,97,42,27,49449,5543,4683,Mobile,New,0.01545,15.839943,57.154433,131.999524,205.332593,0.43299,0.278351,0.46412,-0.53588,0.112095,0.094704,0.844849,2025,6,2025-06
2025-01-20,CAMP008,Newsletter,Email,Retenção,CRM,Brasil,Sudeste,YouTube,77742.0,3419.0,3630.72,28433.53,546,335,211,8452,2172,870,Unknown,Unknown,0.043979,1.061925,6.64967,10.83797,17.207204,0.613553,0.386447,7.831375,6.831375,0.256981,0.102934,0.400552,2025,1,2025-01
2025-05-22,CAMP002,Meta Ads,Social Media,Aquisição,Meta,Brasil,Centro-Oeste,Instagram,26153.0,1576.0,999999.99,29070.4,250,134,90,47435,2776,1119,Desktop,New,0.060261,634.51776,3999.99996,7462.686493,11111.111,0.536,0.36,0.02907,-0.97093,0.058522,0.02359,0.403098,2025,5,2025-05
2025-05-31,CAMP006,Influenciadores,Influencer,Brand Awareness,Influencers,Brasil,Unknown,Instagram,62823.0,3210.0,6019.22,14308.5,367,181,75,44403,7148,3213,Mobile,New,0.051096,1.875146,16.401144,33.255359,80.256267,0.493188,0.20436,2.377135,1.377135,0.16098,0.07236,0.449496,2025,5,2025-05
2025-02-13,CAMP006,Influenciadores,Influencer,Brand Awareness,Influencers,Brasil,Unknown,YouTube,38377.0,1003.0,4245.13,19402.6,161,119,109,14666,8976,4571,Unknown,Unknown,0.026135,4.232433,26.367267,35.673361,38.946147,0.73913,0.677019,4.570555,3.570555,0.612028,0.311673,0.509247,2025,2,2025-02
2025-02-04,CAMP003,Instagram,Social Media,Brand Awareness,Meta,Brasil,Unknown,Facebook,68108.0,2542.0,3635.34,12551.57,620,287,77,43230,25216,14166,Tablet,New,0.037323,1.43011,5.863452,12.66669,47.212208,0.462903,0.124194,3.452654,2.452654,0.583299,0.327689,0.561786,2025,2,2025-02
2025-04-09,CAMP008,Newsletter,Email,Retenção,CRM,Brasil,Sul,Email,98715.0,4068.0,2226.08,75052.8,767,475,408,35844,2994,2178,Desktop,Returning,0.04121,0.547217,2.902321,4.686484,5.456078,0.619296,0.531943,33.71523,32.71523,0.083529,0.060763,0.727455,2025,4,2025-04
2025-04-19,CAMP004,Email Black Friday,Email,Retenção,CRM,Brasil,Centro-Oeste,YouTube,106448.0,5730.0,6466.24,38115.95,1665,1033,551,18883,10291,2158,Desktop,Returning,0.053829,1.128489,3.883628,6.259671,11.735463,0.62042,0.330931,5.894608,4.894608,0.544988,0.114283,0.209698,2025,4,2025-04
2025-02-11,CAMP008,Newsletter,Email,Retenção,CRM,Brasil,Sudeste,Meta,22241.0,314.0,3868.33,5281.35,32,9,9,5875,5326,4062,Desktop,Returning,0.014118,12.319522,120.885312,429.814444,429.814444,0.28125,0.28125,1.365279,0.365279,0.906553,0.691404,0.762674,2025,2,2025-02
2025-04-08,CAMP006,Influenciadores,Influencer,Brand Awareness,Influencers,Brasil,Centro-Oeste,Instagram,99634.0,2340.0,3951.08,40166.38,284,223,133,31771,20341,18350,Mobile,Returning,0.023486,1.688496,13.912254,17.717848,29.707368,0.785211,0.46831,10.165924,9.165924,0.640238,0.577571,0.902119,2025,4,2025-04
2025-04-12,CAMP002,Meta Ads,Social Media,Aquisição,Meta,Brasil,Sul,Google,35573.0,968.0,3513.68,36191.33,318,250,141,37405,32696,10355,Unknown,New,0.027212,3.629835,11.049308,14.05472,24.919716,0.786164,0.443396,10.300121,9.300121,0.874108,0.276835,0.316705,2025,4,2025-04
2025-04-02,CAMP003,Instagram,Social Media,Brand Awareness,Meta,Brasil,Unknown,Instagram,35133.0,1383.0,2169.19,37409.66,239,166,135,8008,7331,2829,Mobile,Returning,0.039365,1.568467,9.076109,13.06741,16.068074,0.694561,0.564854,17.245912,16.245912,0.91546,0.353272,0.385896,2025,4,2025-04
2025-06-07,CAMP008,Newsletter,Email,Retenção,CRM,Brasil,Sudeste,YouTube,40315.0,1243.0,5758.79,7294.34,229,140,51,42203,25081,11350,Mobile,New,0.030832,4.632977,25.147555,41.134214,112.917451,0.611354,0.222707,1.266645,0.266645,0.594294,0.268938,0.452534,2025,6,2025-06
2025-06-18,CAMP001,Google Ads,Search,Aquisição,Google,Brasil,Sul,YouTube,34001.0,1197.0,3844.03,20134.22,205,65,65,10121,1539,912,Mobile,Returning,0.035205,3.211387,18.751366,59.138923,59.138923,0.317073,0.317073,5.23779,4.23779,0.15206,0.09011,0.592593,2025,6,2025-06
2025-03-12,CAMP001,Google Ads,Search,Aquisição,Google,Brasil,Sul,Facebook,68965.0,1981.0,889.63,8322.44,316,171,83,49785,507,412,Desktop,Unknown,0.028725,0.449081,2.815285,5.202515,10.718434,0.541139,0.262658,9.354945,8.354945,0.010184,0.008276,0.812623,2025,3,2025-03
2025-02-08,CAMP001,Google Ads,Search,Aquisição,Google,Brasil,Centro-Oeste,Google,107703.0,2820.0,3340.82,26835.45,465,318,193,31499,30225,15449,Mobile,New,0.026183,1.184688,7.184559,10.505723,17.309948,0.683871,0.415054,8.032594,7.032594,0.959554,0.49046,0.511133,2025,2,2025-02
2025-03-31,CAMP007,YouTube Ads,Video,Aquisição,Google,Brasil,Unknown,YouTube,11533.0,566.0,0.0,2555.36,134,102,49,3080,1993,1252,Desktop,New,0.049077,0.0,0.0,0.0,0.0,0.761194,0.365672,0.0,0.0,0.647078,0.406494,0.628199,2025,3,2025-03
2025-05-29,CAMP006,Influenciadores,Influencer,Brand Awareness,Influencers,Brasil,Sudeste,Google,113278.0,2369.0,2382.29,50604.99,204,64,64,49849,26347,421,Desktop,Returning,0.020913,1.00561,11.677892,37.223281,37.223281,0.313725,0.313725,21.242162,20.242162,0.528536,0.008446,0.015979,2025,5,2025-05
2025-05-02,CAMP007,YouTube Ads,Video,Aquisição,Google,Brasil,Unknown,Instagram,86418.0,4761.0,2392.2,128453.12,1093,769,365,28832,11348,9782,Desktop,Returning,0.055093,0.502457,2.188655,3.110793,6.553973,0.703568,0.333943,53.696647,52.696647,0.39359,0.339276,0.862002,2025,5,2025-05
2025-06-26,CAMP007,YouTube Ads,Video,Aquisição,Google,Brasil,Sul,Meta,62608.0,575.0,0.0,20174.28,89,63,58,41902,924,122,Desktop,Unknown,0.009184,0.0,0.0,0.0,0.0,0.707865,0.651685,0.0,0.0,0.022051,0.002912,0.132035,2025,6,2025-06
2025-02-04,CAMP007,YouTube Ads,Video,Aquisição,Google,Brasil,Sul,Google,16781.0,502.0,6197.84,19781.42,76,27,27,43674,29122,16940,Desktop,Unknown,0.029915,12.346295,81.550526,229.54963,229.54963,0.355263,0.355263,3.191664,2.191664,0.666804,0.387874,0.581691,2025,2,2025-02
2025-03-12,CAMP005,Remarketing,Display,Conversão,Google,Brasil,Sudeste,Google,72598.0,3799.0,5882.55,99509.41,766,330,330,39599,36824,33073,Desktop,New,0.052329,1.548447,7.679569,17.825909,17.825909,0.430809,0.430809,16.916033,15.916033,0.929922,0.835198,0.898137,2025,3,2025-03
2025-04-22,CAMP006,Influenciadores,Influencer,Brand Awareness,Influencers,Brasil,Nordeste,Facebook,74453.0,1638.0,6433.36,26889.35,550,180,86,28281,15674,11707,Desktop,New,0.022,3.92757,11.697018,35.740889,74.806512,0.327273,0.156364,4.179674,3.179674,0.554224,0.413953,0.746906,2025,4,2025-04
2025-03-09,CAMP008,Newsletter,Email,Retenção,CRM,Brasil,Sudeste,Meta,87733.0,5645.0,6295.55,29097.97,1919,600,237,41644,1141,849,Tablet,New,0.064343,1.115244,3.280641,10.492583,26.563502,0.312663,0.123502,4.62199,3.62199,0.027399,0.020387,0.744084,2025,3,2025-03
2025-03-04,CAMP007,YouTube Ads,Video,Aquisição,Google,Brasil,Sudeste,Facebook,75219.0,913.0,2372.11,13840.99,317,121,71,46429,14892,9643,Desktop,Returning,0.012138,2.598149,7.482997,19.604215,33.41,0.381703,0.223975,5.834885,4.834885,0.320748,0.207693,0.647529,2025,3,2025-03
2025-03-17,CAMP002,Meta Ads,Social Media,Aquisição,Meta,Brasil,Unknown,Email,25918.0,610.0,2512.96,14416.68,59,20,20,6730,5729,126,Unknown,Returning,0.023536,4.119607,42.592542,125.648,125.648,0.338983,0.338983,5.736932,4.736932,0.851263,0.018722,0.021993,2025,3,2025-03
2025-05-30,CAMP006,Influenciadores,Influencer,Brand Awareness,Influencers,Brasil,Unknown,Facebook,109975.0,4846.0,6462.42,38783.99,1343,758,463,29756,6040,3560,Desktop,Returning,0.044065,1.333558,4.811929,8.52562,13.957711,0.564408,0.344751,6.001465,5.001465,0.202984,0.11964,0.589404,2025,5,2025-05
2025-04-06,CAMP007,YouTube Ads,Video,Aquisição,Google,Brasil,Nordeste,Facebook,104485.0,6426.0,1698.14,100598.37,859,363,332,4159,681,134,Unknown,Returning,0.061502,0.264261,1.97688,4.678072,5.11488,0.422584,0.386496,59.240328,58.240328,0.163741,0.032219,0.196769,2025,4,2025-04
2025-04-19,CAMP001,Google Ads,Search,Aquisição,Google,Brasil,Sudeste,Meta,86720.0,4629.0,4024.19,104787.65,536,211,211,45432,8219,7080,Mobile,New,0.053379,0.869343,7.507817,19.071991,19.071991,0.393657,0.393657,26.039439,25.039439,0.180908,0.155837,0.861419,2025,4,2025-04
2025-03-16,CAMP006,Influenciadores,Influencer,Brand Awareness,Influencers,Brasil,Centro-Oeste,Email,56448.0,1232.0,2173.68,3467.69,141,79,30,6650,4241,1264,Desktop,New,0.021825,1.764351,15.41617,27.514937,72.456,0.560284,0.212766,1.595308,0.595308,0.637744,0.190075,0.298043,2025,3,2025-03
2025-06-02,CAMP004,Email Black Friday,Email,Retenção,CRM,Brasil,Sudeste,Facebook,56628.0,2049.0,3884.39,10498.12,510,354,161,8349,5618,2888,Mobile,New,0.036184,1.895749,7.616451,10.972853,24.126646,0.694118,0.315686,2.702643,1.702643,0.672895,0.34591,0.514062,2025,6,2025-06
2025-04-14,CAMP008,Newsletter,Email,Retenção,CRM,Brasil,Nordeste,Meta,6462.0,193.0,3922.21,3085.3,18,12,11,15622,1001,9,Desktop,Returning,0.029867,20.322332,217.900556,326.850833,356.564545,0.666667,0.611111,0.786623,-0.213377,0.064076,0.000576,0.008991,2025,4,2025-04
2025-03-14,CAMP005,Remarketing,Display,Conversão,Google,Brasil,Sudeste,Email,54630.0,480.0,4397.37,13710.18,159,41,39,8987,3332,787,Tablet,Returning,0.008786,9.161188,27.656415,107.252927,112.753077,0.257862,0.245283,3.117814,2.117814,0.370758,0.087571,0.236194,2025,3,2025-03
2025-04-19,CAMP002,Meta Ads,Social Media,Aquisição,Meta,Brasil,Nordeste,Email,20689.0,411.0,4204.4,2075.84,39,12,11,44492,11772,7465,Desktop,Unknown,0.019866,10.229684,107.805128,350.366667,382.218182,0.307692,0.282051,0.49373,-0.50627,0.264587,0.167783,0.634132,2025,4,2025-04
2025-03-14,CAMP002,Meta Ads,Social Media,Aquisição,Meta,Brasil,Nordeste,Instagram,117947.0,4387.0,6066.28,110261.04,1303,385,379,1178,196,88,Mobile,Unknown,0.037195,1.382786,4.655625,15.756571,16.006016,0.295472,0.290867,18.176055,17.176055,0.166384,0.074703,0.44898,2025,3,2025-03
2025-06-02,CAMP002,Meta Ads,Social Media,Aquisição,Meta,Brasil,Sul,YouTube,8084.0,261.0,4760.81,4300.1,31,11,11,25900,5074,1850,Unknown,New,0.032286,18.240651,153.574516,432.800909,432.800909,0.354839,0.354839,0.903229,-0.096771,0.195907,0.071429,0.364604,2025,6,2025-06
2025-01-15,CAMP004,Email Black Friday,Email,Retenção,CRM,Brasil,Nordeste,Instagram,6515.0,385.0,1310.87,15800.43,69,30,30,22493,20711,20039,Desktop,New,0.059094,3.404857,18.998116,43.695667,43.695667,0.434783,0.434783,12.053392,11.053392,0.920775,0.890899,0.967553,2025,1,2025-01
2025-06-22,CAMP001,Google Ads,Search,Aquisição,Google,Brasil,Sudeste,Facebook,112468.0,6485.0,1887.99,246101.57,689,495,495,2462,1872,685,Unknown,New,0.057661,0.291132,2.740189,3.814121,3.814121,0.718433,0.718433,130.351098,129.351098,0.760357,0.278229,0.365919,2025,6,2025-06
2025-05-11,CAMP004,Email Black Friday,Email,Retenção,CRM,Brasil,Sudeste,Email,18386.0,1049.0,6197.66,5753.99,271,179,99,43771,32479,20181,Mobile,Unknown,0.057054,5.90816,22.869594,34.623799,62.602626,0.660517,0.365314,0.928413,-0.071587,0.742021,0.461059,0.621355,2025,5,2025-05
2025-02-25,CAMP007,YouTube Ads,Video,Aquisição,Google,Brasil,Sudeste,Email,78717.0,1761.0,1222.25,18370.1,482,246,187,21651,3158,1146,Mobile,New,0.022371,0.694066,2.535788,4.968496,6.536096,0.510373,0.387967,15.02974,14.02974,0.145859,0.052931,0.362888,2025,2,2025-02
2025-06-14,CAMP007,YouTube Ads,Video,Aquisição,Google,Brasil,Sudeste,Instagram,27504.0,702.0,5185.95,18613.0,232,177,62,41205,33214,11516,Desktop,New,0.025524,7.387393,22.353233,29.299153,83.644355,0.762931,0.267241,3.589121,2.589121,0.806067,0.279481,0.346721,2025,6,2025-06
2025-03-20,CAMP002,Meta Ads,Social Media,Aquisição,Meta,Brasil,Unknown,Instagram,106454.0,6685.0,4159.24,99066.32,983,755,576,34751,21991,8543,Mobile,Unknown,0.062797,0.622175,4.23117,5.508927,7.220903,0.768057,0.585961,23.818371,22.818371,0.632816,0.245835,0.388477,2025,3,2025-03
2025-02-03,CAMP001,Google Ads,Search,Aquisição,Google,Brasil,Sudeste,Email,117061.0,2642.0,1239.64,25333.22,541,145,145,22029,18445,15706,Unknown,New,0.022569,0.469205,2.291386,8.549241,8.549241,0.268022,0.268022,20.435949,19.435949,0.837305,0.712969,0.851504,2025,2,2025-02
2025-04-04,CAMP008,Newsletter,Email,Retenção,CRM,Brasil,Sudeste,YouTube,69604.0,2413.0,5341.91,53804.69,748,464,140,42401,36993,31875,Unknown,New,0.034668,2.213804,7.141591,11.512737,38.1565,0.620321,0.187166,10.072182,9.072182,0.872456,0.751751,0.86165,2025,4,2025-04
2025-03-10,CAMP007,YouTube Ads,Social Media,Aquisição,Google,Brasil,Centro-Oeste,YouTube,94156.0,5694.0,497.55,43487.71,1099,407,291,36427,31551,24277,Desktop,New,0.060474,0.087381,0.45273,1.222482,1.709794,0.370337,0.264786,87.403698,86.403698,0.866143,0.666456,0.769453,2025,3,2025-03
2025-03-12,CAMP002,Meta Ads,Social Media,Aquisição,Meta,Brasil,Unknown,YouTube,28488.0,604.0,0.0,8603.99,60,39,39,11345,1128,227,Mobile,New,0.021202,0.0,0.0,0.0,0.0,0.65,0.65,0.0,0.0,0.099427,0.020009,0.201241,2025,3,2025-03
2025-02-25,CAMP002,Meta Ads,Social Media,Aquisição,Meta,Brasil,Sudeste,Meta,117652.0,1485.0,4843.23,28834.16,445,326,174,12445,498,285,Desktop,Returning,0.012622,3.261434,10.883663,14.856534,27.834655,0.732584,0.391011,5.953498,4.953498,0.040016,0.022901,0.572289,2025,2,2025-02
2025-05-26,CAMP007,YouTube Ads,Video,Aquisição,Google,Brasil,Sul,YouTube,84465.0,3383.0,5118.88,57211.63,634,459,150,36289,34635,7465,Desktop,Returning,0.040052,1.513119,8.073943,11.152244,34.125867,0.723975,0.236593,11.176591,10.176591,0.954421,0.20571,0.215533,2025,5,2025-05
2025-03-13,CAMP006,Influenciadores,Influencer,Brand Awareness,Influencers,Brasil,Nordeste,YouTube,85960.0,5349.0,3563.66,22431.05,1046,296,157,30245,22813,13276,Tablet,Returning,0.062227,0.666229,3.406941,12.039392,22.698471,0.282983,0.150096,6.294386,5.294386,0.754273,0.438949,0.581949,2025,3,2025-03
2025-02-11,CAMP001,Google Ads,Search,Aquisição,Google,Brasil,Sudeste,Facebook,89577.0,5005.0,4651.51,105725.3,825,512,292,24991,1301,568,Mobile,Unknown,0.055874,0.929373,5.638194,9.08498,15.929829,0.620606,0.353939,22.729243,21.729243,0.052059,0.022728,0.436587,2025,2,2025-02
2025-02-21,CAMP001,Google Ads,Search,Aquisição,Google,Brasil,Sudeste,Facebook,65892.0,972.0,3175.94,10588.14,114,56,32,24065,2895,64,Mobile,New,0.014751,3.267428,27.859123,56.713214,99.248125,0.491228,0.280702,3.33386,2.33386,0.120299,0.002659,0.022107,2025,2,2025-02
2025-01-23,CAMP003,Instagram,Social Media,Brand Awareness,Meta,Brasil,Centro-Oeste,Instagram,90382.0,1749.0,1984.95,16239.47,325,178,78,36474,32769,24700,Unknown,New,0.019351,1.134906,6.107538,11.151404,25.448077,0.547692,0.24,8.181299,7.181299,0.898421,0.677195,0.753761,2025,1,2025-01
2025-05-09,CAMP004,Email Black Friday,Email,Retenção,CRM,Brasil,Sudeste,Instagram,54589.0,804.0,5186.37,6973.78,104,80,45,37686,17451,16410,Tablet,Returning,0.014728,6.450709,49.868942,64.829625,115.252667,0.769231,0.432692,1.344636,0.344636,0.463063,0.43544,0.940347,2025,5,2025-05
2025-03-10,CAMP001,Google Ads,Search,Aquisição,Google,Brasil,Sudeste,Meta,111300.0,4085.0,3376.7,121006.94,853,437,416,48682,35228,23110,Desktop,New,0.036703,0.82661,3.958617,7.727002,8.117067,0.512309,0.487691,35.835857,34.835857,0.723635,0.474713,0.656012,2025,3,2025-03
2025-03-02,CAMP001,Google Ads,Search,Aquisição,Google,Brasil,Sul,Instagram,60565.0,2802.0,4081.72,113176.39,745,412,314,12360,10313,4078,Mobile,Returning,0.046264,1.456717,5.478819,9.907087,12.999108,0.55302,0.421477,27.727622,26.727622,0.834385,0.329935,0.395423,2025,3,2025-03
2025-03-05,CAMP004,Email Black Friday,Email,Retenção,CRM,Brasil,Sudeste,Google,74101.0,2583.0,2551.73,42476.04,494,177,166,49639,46041,992,Tablet,Returning,0.034858,0.987894,5.165445,14.416554,15.371867,0.3583,0.336032,16.645977,15.645977,0.927517,0.019984,0.021546,2025,3,2025-03
2025-06-15,CAMP005,Remarketing,Display,Conversão,Google,Brasil,Sudeste,Google,9136.0,115.0,2042.16,331.55,37,9,3,10533,7127,3720,Tablet,New,0.012588,17.757913,55.193514,226.906667,680.72,0.243243,0.081081,0.162353,-0.837647,0.676635,0.353176,0.521959,2025,6,2025-06
2025-04-04,CAMP008,Newsletter,Email,Retenção,CRM,Brasil,Sudeste,Google,66607.0,3246.0,2967.95,22880.66,330,241,130,45755,2148,556,Unknown,New,0.048734,0.914341,8.993788,12.315145,22.830385,0.730303,0.393939,7.709247,6.709247,0.046946,0.012152,0.258845,2025,4,2025-04
2025-05-12,CAMP005,Remarketing,Display,Conversão,Google,Brasil,Sudeste,Google,28889.0,1057.0,3826.43,7882.72,174,91,80,27870,4626,2905,Mobile,New,0.036588,3.620085,21.990977,42.048681,47.830375,0.522989,0.45977,2.060072,1.060072,0.165985,0.104234,0.627972,2025,5,2025-05
2025-04-02,CAMP006,Influenciadores,Influencer,Brand Awareness,Influencers,Brasil,Sudeste,Facebook,20792.0,693.0,2382.98,17516.09,161,107,59,28454,25218,5994,Desktop,Returning,0.03333,3.438644,14.801118,22.270841,40.389492,0.664596,0.36646,7.350498,6.350498,0.886273,0.210656,0.237687,2025,4,2025-04
2025-04-28,CAMP005,Remarketing,Display,Conversão,Google,Brasil,Nordeste,YouTube,51854.0,1417.0,410.78,33990.53,283,73,73,1143,441,199,Desktop,New,0.027327,0.289894,1.451519,5.627123,5.627123,0.257951,0.257951,82.746312,81.746312,0.385827,0.174103,0.451247,2025,4,2025-04
2025-02-12,CAMP006,Influenciadores,Influencer,Brand Awareness,Influencers,Brasil,Sudeste,Instagram,89633.0,1759.0,4903.67,19526.75,243,190,96,35305,11549,5680,Mobile,Unknown,0.019624,2.78776,20.179712,25.808789,51.079896,0.781893,0.395062,3.982069,2.982069,0.327121,0.160884,0.491817,2025,2,2025-02
2025-05-06,CAMP006,Influenciadores,Influencer,Brand Awareness,Influencers,Brasil,Nordeste,Instagram,48617.0,2236.0,2872.65,15037.74,192,85,85,16613,6447,5499,Desktop,Returning,0.045992,1.284727,14.961719,33.795882,33.795882,0.442708,0.442708,5.234797,4.234797,0.38807,0.331006,0.852955,2025,5,2025-05
2025-01-12,CAMP007,YouTube Ads,Video,Aquisição,Google,Brasil,Unknown,YouTube,12489.0,708.0,2114.77,16337.94,155,81,41,4089,523,179,Tablet,Returning,0.05669,2.986963,13.643677,26.108272,51.579756,0.522581,0.264516,7.725634,6.725634,0.127904,0.043776,0.342256,2025,1,2025-01
2025-03-12,CAMP008,Newsletter,Email,Retenção,CRM,Brasil,Centro-Oeste,Email,75111.0,4259.0,5672.28,23642.63,1233,883,215,13479,1410,377,Mobile,Returning,0.056703,1.331834,4.600389,6.423873,26.382698,0.716139,0.174371,4.1681,3.1681,0.104607,0.027969,0.267376,2025,3,2025-03
2025-01-17,CAMP005,Remarketing,Display,Conversão,Google,Brasil,Unknown,Meta,51233.0,531.0,3704.38,9292.45,138,67,41,30709,11017,3723,Mobile,New,0.010364,6.976234,26.843333,55.289254,90.350732,0.485507,0.297101,2.508503,1.508503,0.358755,0.121235,0.337932,2025,1,2025-01
2025-05-25,CAMP002,Meta Ads,Social Media,Aquisição,Meta,Brasil,Sul,Meta,117272.0,6231.0,3212.44,62078.96,792,506,506,41056,3203,2897,Desktop,New,0.053133,0.515558,4.056111,6.348696,6.348696,0.638889,0.638889,19.324551,18.324551,0.078015,0.070562,0.904465,2025,5,2025-05
2025-04-08,CAMP002,Meta Ads,Social Media,Aquisição,Meta,Brasil,Nordeste,Instagram,38541.0,730.0,4108.46,17660.05,154,83,62,45340,739,521,Tablet,New,0.018941,5.628027,26.678312,49.499518,66.265484,0.538961,0.402597,4.29846,3.29846,0.016299,0.011491,0.705007,2025,4,2025-04
2025-01-14,CAMP004,Email Black Friday,Email,Retenção,CRM,Brasil,Nordeste,YouTube,63095.0,2078.0,3694.39,18016.25,689,521,209,14440,12697,5413,Desktop,New,0.032934,1.777859,5.361959,7.09096,17.676507,0.756168,0.303338,4.876651,3.876651,0.879294,0.374861,0.426321,2025,1,2025-01
2025-05-02,CAMP007,YouTube Ads,Video,Aquisição,Google,Brasil,Sul,Meta,45325.0,1790.0,3229.86,18100.15,613,327,166,31077,10278,2007,Desktop,New,0.039493,1.804391,5.26894,9.877248,19.456988,0.533442,0.270799,5.604005,4.604005,0.330727,0.064582,0.195271,2025,5,2025-05
2025-04-06,CAMP004,Email Black Friday,Email,Retenção,CRM,Brasil,Centro-Oeste,Meta,113491.0,2459.0,3356.19,29699.54,237,134,87,34505,29148,22302,Mobile,New,0.021667,1.36486,14.161139,25.046194,38.576897,0.565401,0.367089,8.849183,7.849183,0.844747,0.646341,0.76513,2025,4,2025-04
2025-03-25,CAMP005,Remarketing,Display,Conversão,Google,Brasil,Sudeste,Meta,58026.0,3311.0,4301.55,33841.48,816,601,170,25918,8627,8368,Mobile,Returning,0.057061,1.299169,5.271507,7.157321,25.303235,0.73652,0.208333,7.867276,6.867276,0.332857,0.322864,0.969978,2025,3,2025-03
2025-06-24,CAMP001,Google Ads,Search,Aquisição,Google,Brasil,Centro-Oeste,Google,107924.0,5174.0,4155.39,54501.64,1087,724,232,3880,2187,791,Mobile,New,0.047941,0.803129,3.822806,5.739489,17.911164,0.666053,0.213431,13.11589,12.11589,0.56366,0.203866,0.361683,2025,6,2025-06
2025-01-05,CAMP008,Newsletter,Email,Retenção,CRM,Brasil,Centro-Oeste,Email,82209.0,3218.0,2329.8,48799.93,743,396,132,28594,17515,4763,Unknown,Returning,0.039144,0.72399,3.135666,5.883333,17.65,0.532974,0.177658,20.945974,19.945974,0.612541,0.166573,0.271938,2025,1,2025-01
2025-05-07,CAMP002,Meta Ads,Social Media,Aquisição,Meta,Brasil,Centro-Oeste,Google,42860.0,1305.0,2346.2,12508.35,367,253,136,10612,5636,3401,Tablet,New,0.030448,1.797854,6.392916,9.273518,17.251471,0.689373,0.370572,5.331323,4.331323,0.531097,0.320486,0.603442,2025,5,2025-05
2025-04-16,CAMP007,YouTube Ads,Video,Aquisição,Google,Brasil,Centro-Oeste,Email,22143.0,1324.0,4445.13,22791.07,171,113,113,23538,7787,4121,Tablet,Unknown,0.059793,3.357349,25.994912,39.337434,39.337434,0.660819,0.660819,5.1272,4.1272,0.330827,0.175079,0.529215,2025,4,2025-04
2025-06-17,CAMP005,Remarketing,Display,Conversão,Google,Brasil,Nordeste,Google,56660.0,874.0,5033.54,6964.83,203,53,31,41843,30297,20836,Desktop,Unknown,0.015425,5.759199,24.795764,94.972453,162.372258,0.261084,0.152709,1.383684,0.383684,0.724064,0.497957,0.687725,2025,6,2025-06
2025-01-28,CAMP006,Influenciadores,Influencer,Brand Awareness,Influencers,Brasil,Sudeste,Email,32959.0,490.0,1337.01,13189.41,103,71,57,42381,35651,33972,Desktop,New,0.014867,2.728592,12.98068,18.831127,23.456316,0.68932,0.553398,9.864855,8.864855,0.841202,0.801586,0.952905,2025,1,2025-01
2025-05-01,CAMP003,Instagram,Social Media,Brand Awareness,Meta,Brasil,Sudeste,Instagram,103958.0,5207.0,2608.87,19727.71,844,667,314,41935,29475,7448,Tablet,Returning,0.050088,0.501031,3.091078,3.911349,8.308503,0.790284,0.372038,7.561783,6.561783,0.702873,0.177608,0.252689,2025,5,2025-05
2025-03-02,CAMP001,Google Ads,Search,Aquisição,Google,Brasil,Nordeste,Email,47292.0,865.0,1539.2,18900.58,245,114,99,38292,25009,3407,Mobile,New,0.018291,1.779422,6.282449,13.501754,15.547475,0.465306,0.404082,12.279483,11.279483,0.653113,0.088974,0.136231,2025,3,2025-03
2025-06-16,CAMP001,Google Ads,Search,Aquisição,Google,Brasil,Sul,Google,73447.0,2072.0,514.44,32842.29,660,220,118,23821,1173,1155,Desktop,New,0.028211,0.248282,0.779455,2.338364,4.359661,0.333333,0.178788,63.840856,62.840856,0.049242,0.048487,0.984655,2025,6,2025-06
2025-05-06,CAMP001,Google Ads,Search,Aquisição,Google,Brasil,Nordeste,YouTube,46950.0,1734.0,2123.04,41298.09,539,273,162,32416,28014,5580,Desktop,Returning,0.036933,1.22436,3.93885,7.776703,13.105185,0.506494,0.300557,19.452337,18.452337,0.864203,0.172137,0.199186,2025,5,2025-05
2025-04-23,CAMP003,Instagram,Social Media,Brand Awareness,Meta,Brasil,Nordeste,Instagram,11997.0,686.0,2860.55,9658.89,82,53,53,41633,12118,3317,Tablet,Unknown,0.057181,4.169898,34.884756,53.972642,53.972642,0.646341,0.646341,3.376585,2.376585,0.291067,0.079672,0.273725,2025,4,2025-04
2025-05-25,CAMP007,YouTube Ads,Video,Aquisição,Google,Brasil,Centro-Oeste,Instagram,73593.0,4110.0,4055.66,47787.15,898,577,367,24851,15366,12024,Desktop,New,0.055848,0.986779,4.516325,7.028873,11.050845,0.642539,0.408686,11.782829,10.782829,0.618325,0.483844,0.782507,2025,5,2025-05
2025-03-10,CAMP002,Meta Ads,Social Media,Aquisição,Meta,Brasil,Unknown,Email,9150.0,588.0,1287.69,14553.53,120,76,48,20122,17264,12006,Mobile,New,0.064262,2.189949,10.73075,16.943289,26.826875,0.633333,0.4,11.302045,10.302045,0.857966,0.59666,0.695436,2025,3,2025-03
2025-03-10,CAMP001,Google Ads,Search,Aquisição,Google,Brasil,Sul,Google,40897.0,640.0,3997.44,9251.22,55,37,37,15157,5111,445,Desktop,New,0.015649,6.246,72.680727,108.038919,108.038919,0.672727,0.672727,2.314286,1.314286,0.337204,0.029359,0.087067,2025,3,2025-03
2025-01-10,CAMP004,Email Black Friday,Email,Retenção,CRM,Brasil,Nordeste,Email,60390.0,3537.0,2282.43,111312.63,1168,910,385,22395,10725,693,Tablet,New,0.058569,0.645301,1.954135,2.508165,5.92839,0.77911,0.329623,48.769351,47.769351,0.478902,0.030944,0.064615,2025,1,2025-01
2025-02-26,CAMP007,YouTube Ads,Video,Aquisição,Google,Brasil,Nordeste,Email,76260.0,4190.0,3881.43,134266.45,778,386,374,34765,14390,6099,Mobile,Unknown,0.054944,0.926356,4.988985,10.055518,10.378155,0.496144,0.48072,34.592006,33.592006,0.413922,0.175435,0.423836,2025,2,2025-02
2025-04-22,CAMP008,Newsletter,Email,Retenção,CRM,Brasil,Sul,Instagram,27486.0,835.0,2354.67,12250.77,207,158,77,28765,8894,3625,Mobile,New,0.030379,2.819964,11.375217,14.902975,30.58013,0.763285,0.371981,5.202755,4.202755,0.309195,0.126021,0.407578,2025,4,2025-04
2025-06-24,CAMP003,Instagram,Social Media,Brand Awareness,Meta,Brasil,Unknown,Google,95369.0,3208.0,4805.57,117582.57,505,275,275,25099,6567,4524,Tablet,Returning,0.033638,1.497996,9.51598,17.4748,17.4748,0.544554,0.544554,24.467976,23.467976,0.261644,0.180246,0.688899,2025,6,2025-06
2025-01-29,CAMP004,Email Black Friday,Email,Retenção,CRM,Brasil,Sudeste,Instagram,111802.0,1555.0,725.05,21805.6,180,129,72,22782,8400,4736,Desktop,Unknown,0.013909,0.46627,4.028056,5.620543,10.070139,0.716667,0.4,30.074616,29.074616,0.368712,0.207883,0.56381,2025,1,2025-01
2025-01-27,CAMP003,Instagram,Social Media,Brand Awareness,Meta,Brasil,Sudeste,Facebook,55251.0,2663.0,4916.3,14741.97,316,111,92,30841,10095,7194,Mobile,Unknown,0.048198,1.846151,15.557911,44.290991,53.438043,0.351266,0.291139,2.99859,1.99859,0.327324,0.233261,0.71263,2025,1,2025-01
2025-06-21,CAMP002,Meta Ads,Social Media,Aquisição,Meta,Brasil,Sul,Meta,31183.0,1285.0,2512.48,12926.21,261,121,116,32213,7367,1278,Tablet,Returning,0.041208,1.955237,9.62636,20.764298,21.65931,0.463602,0.444444,5.144801,4.144801,0.228696,0.039673,0.173476,2025,6,2025-06
2025-01-04,CAMP006,Influenciadores,Influencer,Brand Awareness,Influencers,Brasil,Sudeste,Google,76846.0,4848.0,2188.33,77143.85,1288,515,298,28301,19766,4163,Desktop,New,0.063087,0.451388,1.699014,4.249184,7.343389,0.399845,0.231366,35.252384,34.252384,0.698421,0.147097,0.210614,2025,1,2025-01
2025-04-18,CAMP005,Remarketing,Display,Conversão,Google,Brasil,Nordeste,Facebook,97969.0,2511.0,2760.57,67973.49,591,467,294,34085,31528,17886,Mobile,New,0.025631,1.099391,4.671015,5.911285,9.389694,0.790186,0.497462,24.622991,23.622991,0.924982,0.524747,0.567305,2025,4,2025-04
2025-02-14,CAMP006,Influenciadores,Influencer,Brand Awareness,Influencers,Brasil,Centro-Oeste,Google,83137.0,1983.0,4513.66,39987.34,382,160,112,25405,25405,508,Tablet,New,0.023852,2.276178,11.815864,28.210375,40.300536,0.418848,0.293194,8.859183,7.859183,1.0,0.019996,0.019996,2025,2,2025-02
2025-05-18,CAMP004,Email Black Friday,Email,Retenção,CRM,Brasil,Sul,Facebook,110702.0,5399.0,4978.08,76195.05,442,234,234,4557,3587,151,Desktop,New,0.048771,0.922037,11.262624,21.273846,21.273846,0.529412,0.529412,15.306112,14.306112,0.787141,0.033136,0.042096,2025,5,2025-05
2025-06-17,CAMP005,Remarketing,Display,Conversão,Google,Brasil,Sul,Google,103991.0,2710.0,3362.63,39953.59,844,603,198,39672,13731,9959,Mobile,New,0.02606,1.240823,3.984159,5.576501,16.98298,0.714455,0.234597,11.881649,10.881649,0.346113,0.251033,0.725293,2025,6,2025-06
2025-03-18,CAMP001,Google Ads,Search,Aquisição,Google,Brasil,Sudeste,Google,17467.0,364.0,5650.58,2772.27,42,30,16,19827,14419,11878,Tablet,Unknown,0.020839,15.523571,134.537619,188.352667,353.16125,0.714286,0.380952,0.490617,-0.509383,0.727241,0.599082,0.823774,2025,3,2025-03
2025-01-13,CAMP004,Email Black Friday,Social Media,Retenção,CRM,Brasil,Nordeste,Meta,75601.0,1278.0,3758.51,20806.37,265,114,114,36654,34932,26505,Desktop,Returning,0.016905,2.940931,14.183057,32.969386,32.969386,0.430189,0.430189,5.535803,4.535803,0.95302,0.723113,0.75876,2025,1,2025-01
2025-03-12,CAMP005,Remarketing,Display,Conversão,Google,Brasil,Unknown,YouTube,108489.0,6616.0,4293.22,18116.07,1326,735,219,48498,43333,40828,Unknown,New,0.060983,0.648915,3.237722,5.841116,19.603744,0.554299,0.165158,4.219693,3.219693,0.893501,0.841849,0.942192,2025,3,2025-03
2025-03-25,CAMP008,Newsletter,Email,Retenção,CRM,Brasil,Unknown,Facebook,61920.0,2043.0,3322.13,12920.91,309,214,59,3833,1189,372,Mobile,New,0.032994,1.626104,10.75123,15.523972,56.307288,0.692557,0.190939,3.889345,2.889345,0.310201,0.097052,0.312868,2025,3,2025-03
2025-06-25,CAMP003,Instagram,Social Media,Brand Awareness,Meta,Brasil,Centro-Oeste,Email,116915.0,6233.0,812.39,25895.05,1974,1066,408,31522,22340,19830,Desktop,Unknown,0.053312,0.130337,0.411545,0.762092,1.991152,0.54002,0.206687,31.875146,30.875146,0.708711,0.629084,0.887645,2025,6,2025-06
2025-04-04,CAMP003,Instagram,Social Media,Brand Awareness,Meta,Brasil,Sudeste,Email,8385.0,364.0,2974.73,5015.4,42,19,13,37404,32991,350,Unknown,Unknown,0.043411,8.172335,70.826905,156.564737,228.825385,0.452381,0.309524,1.686002,0.686002,0.882018,0.009357,0.010609,2025,4,2025-04
2025-06-28,CAMP002,Meta Ads,Social Media,Aquisição,Meta,Brasil,Nordeste,Facebook,94126.0,6105.0,1922.48,103071.43,529,334,260,18509,3117,65,Mobile,Returning,0.06486,0.314903,3.634178,5.755928,7.394154,0.63138,0.491493,53.613785,52.613785,0.168405,0.003512,0.020853,2025,6,2025-06
2025-04-09,CAMP001,Google Ads,Search,Aquisição,Google,Brasil,Centro-Oeste,Google,32938.0,1484.0,5940.05,40128.27,175,78,78,30163,28156,3007,Mobile,New,0.045054,4.002729,33.943143,76.154487,76.154487,0.445714,0.445714,6.755544,5.755544,0.933462,0.099692,0.106798,2025,4,2025-04
2025-06-08,CAMP004,Email Black Friday,Email,Retenção,CRM,Brasil,Unknown,Instagram,19345.0,458.0,6064.89,5069.96,149,117,56,48321,5820,3052,Mobile,Unknown,0.023675,13.242118,40.70396,51.836667,108.301607,0.785235,0.375839,0.835953,-0.164047,0.120445,0.063161,0.524399,2025,6,2025-06
2025-01-15,CAMP006,Influenciadores,Influencer,Brand Awareness,Influencers,Brasil,Sudeste,YouTube,103426.0,1431.0,1037.05,7437.05,490,387,153,17821,10394,3749,Desktop,New,0.013836,0.724703,2.116429,2.679716,6.778105,0.789796,0.312245,7.171351,6.171351,0.583244,0.21037,0.360689,2025,1,2025-01
2025-01-08,CAMP003,Instagram,Social Media,Brand Awareness,Meta,Brasil,Unknown,Meta,59880.0,2358.0,796.93,32351.82,711,474,83,40993,13560,604,Mobile,Unknown,0.039379,0.337969,1.120858,1.681287,9.601566,0.666667,0.116737,40.59556,39.59556,0.330788,0.014734,0.044543,2025,1,2025-01
2025-03-21,CAMP006,Influenciadores,Influencer,Brand Awareness,Influencers,Brasil,Sudeste,Google,82603.0,1547.0,511.97,14832.13,474,123,53,5773,4254,2272,Desktop,Unknown,0.018728,0.330944,1.080105,4.162358,9.659811,0.259494,0.111814,28.970701,27.970701,0.736879,0.393556,0.534086,2025,3,2025-03
2025-01-29,CAMP002,Meta Ads,Social Media,Aquisição,Meta,Brasil,Sudeste,Instagram,43826.0,2444.0,4512.08,84404.91,650,263,220,11776,2970,1152,Mobile,Unknown,0.055766,1.846187,6.941662,17.156198,20.509455,0.404615,0.338462,18.70643,17.70643,0.252208,0.097826,0.387879,2025,1,2025-01
2025-01-06,CAMP003,Instagram,Social Media,Brand Awareness,Meta,Brasil,Sudeste,Google,95748.0,2525.0,599.53,74001.28,753,466,243,22015,9583,1235,Desktop,New,0.026371,0.237438,0.796189,1.286545,2.467202,0.618858,0.322709,123.432155,122.432155,0.435294,0.056098,0.128874,2025,1,2025-01
2025-04-26,CAMP005,Remarketing,Display,Conversão,Google,Brasil,Nordeste,Facebook,83572.0,3430.0,4672.6,15518.1,492,256,155,6577,3618,1559,Mobile,Returning,0.041042,1.362274,9.497154,18.252344,30.145806,0.520325,0.315041,3.321085,2.321085,0.550099,0.237038,0.430901,2025,4,2025-04
2025-05-24,CAMP006,Influenciadores,Influencer,Brand Awareness,Influencers,Brasil,Sudeste,Google,71830.0,3372.0,4943.15,48156.49,677,320,260,10318,8488,3787,Tablet,New,0.046944,1.46594,7.301551,15.447344,19.012115,0.472674,0.384047,9.742065,8.742065,0.82264,0.367028,0.446159,2025,5,2025-05
2025-05-07,CAMP001,Google Ads,Search,Aquisição,Google,Brasil,Sudeste,Facebook,81230.0,1682.0,4493.24,17505.98,371,188,121,41733,18467,2040,Mobile,Unknown,0.020707,2.671367,12.111159,23.900213,37.134215,0.506739,0.326146,3.896071,2.896071,0.442504,0.048882,0.110467,2025,5,2025-05
2025-02-20,CAMP008,Newsletter,Email,Retenção,CRM,Brasil,Nordeste,Email,49565.0,1674.0,5484.12,40855.27,173,65,65,38777,34881,1044,Unknown,New,0.033774,3.276057,31.700116,84.371077,84.371077,0.375723,0.375723,7.44974,6.44974,0.899528,0.026923,0.02993,2025,2,2025-02
2025-01-17,CAMP005,Remarketing,Display,Conversão,Google,Brasil,Sul,Instagram,61655.0,2287.0,2847.37,13341.23,296,75,68,22602,20409,11110,Mobile,Returning,0.037094,1.245024,9.619493,37.964933,41.873088,0.253378,0.22973,4.685457,3.685457,0.902973,0.491549,0.544368,2025,1,2025-01
2025-05-03,CAMP001,Google Ads,Search,Aquisição,Google,Brasil,Centro-Oeste,Meta,45164.0,2464.0,3256.67,23413.25,249,140,140,44039,3145,1872,Mobile,New,0.054557,1.3217,13.078996,23.261929,23.261929,0.562249,0.562249,7.189322,6.189322,0.071414,0.042508,0.595231,2025,5,2025-05
2025-04-10,CAMP001,Google Ads,Search,Aquisição,Google,Brasil,Sudeste,Instagram,64025.0,1490.0,4170.68,53651.17,222,143,143,4932,2129,753,Desktop,Returning,0.023272,2.799114,18.786847,29.165594,29.165594,0.644144,0.644144,12.86389,11.86389,0.431671,0.152676,0.353687,2025,4,2025-04
2025-04-24,CAMP003,Instagram,Social Media,Brand Awareness,Meta,Brasil,Nordeste,Email,25541.0,457.0,3830.44,3512.57,58,14,9,16043,9078,3936,Desktop,New,0.017893,8.381707,66.042069,273.602857,425.604444,0.241379,0.155172,0.917015,-0.082985,0.565854,0.245341,0.433576,2025,4,2025-04
2025-05-13,CAMP004,Email Black Friday,Email,Retenção,CRM,Brasil,Sudeste,Meta,20733.0,1334.0,542.19,22418.17,294,107,68,21953,19128,14588,Unknown,Returning,0.064342,0.406439,1.844184,5.067196,7.973382,0.363946,0.231293,41.347443,40.347443,0.871316,0.664511,0.762652,2025,5,2025-05
2025-03-09,CAMP006,Influenciadores,Influencer,Brand Awareness,Influencers,Brasil,Unknown,Email,104864.0,5076.0,1024.61,55049.4,559,183,183,17363,10591,5073,Mobile,New,0.048406,0.201854,1.832934,5.598962,5.598962,0.32737,0.32737,53.727174,52.727174,0.609975,0.292173,0.478992,2025,3,2025-03
2025-03-15,CAMP004,Email Black Friday,Email,Retenção,CRM,Brasil,Unknown,Facebook,5767.0,369.0,4930.58,4750.22,42,23,19,43498,2073,312,Desktop,New,0.063985,13.362005,117.394762,214.373043,259.504211,0.547619,0.452381,0.96342,-0.03658,0.047657,0.007173,0.150507,2025,3,2025-03
2025-02-11,CAMP001,Google Ads,Search,Aquisição,Google,Brasil,Centro-Oeste,Instagram,48723.0,1531.0,4150.62,26629.22,182,54,54,41634,2013,1649,Unknown,New,0.031423,2.711052,22.805604,76.863333,76.863333,0.296703,0.296703,6.415721,5.415721,0.04835,0.039607,0.819175,2025,2,2025-02
2025-04-21,CAMP001,Google Ads,Search,Aquisição,Google,Brasil,Sudeste,Meta,110586.0,6252.0,2733.01,223873.86,743,189,189,35841,22554,17085,Tablet,Returning,0.056535,0.437142,3.678345,14.46037,14.46037,0.254374,0.254374,81.914761,80.914761,0.629279,0.476689,0.757515,2025,4,2025-04
2025-02-02,CAMP001,Google Ads,Search,Aquisição,Google,Brasil,Unknown,Email,29530.0,1714.0,6387.33,15553.84,219,97,74,11100,7856,5401,Desktop,New,0.058043,3.726564,29.16589,65.848763,86.31527,0.442922,0.3379,2.435108,1.435108,0.707748,0.486577,0.6875,2025,2,2025-02
2025-01-23,CAMP003,Instagram,Social Media,Brand Awareness,Meta,Brasil,Unknown,Meta,92904.0,3326.0,0.0,24438.67,1160,596,234,44429,34160,6789,Mobile,Returning,0.0358,0.0,0.0,0.0,0.0,0.513793,0.201724,0.0,0.0,0.768867,0.152806,0.198741,2025,1,2025-01
2025-03-13,CAMP001,Google Ads,Search,Aquisição,Google,Brasil,Sudeste,Email,18275.0,346.0,1710.95,8603.02,59,45,22,4981,1301,943,Tablet,New,0.018933,4.944942,28.999153,38.021111,77.770455,0.762712,0.372881,5.028212,4.028212,0.261193,0.189319,0.724827,2025,3,2025-03
2025-01-09,CAMP002,Meta Ads,Social Media,Aquisição,Meta,Brasil,Sudeste,Google,70614.0,2449.0,6078.24,101653.7,278,127,127,8610,2544,1426,Desktop,Returning,0.034682,2.481927,21.864173,47.860157,47.860157,0.456835,0.456835,16.7242,15.7242,0.29547,0.165621,0.560535,2025,1,2025-01
2025-03-08,CAMP005,Remarketing,Display,Conversão,Google,Brasil,Unknown,Instagram,11794.0,288.0,6327.56,1469.79,55,16,16,33463,31663,15383,Desktop,New,0.024419,21.970694,115.046545,395.4725,395.4725,0.290909,0.290909,0.232284,-0.767716,0.946209,0.459702,0.485835,2025,3,2025-03
2025-01-29,CAMP006,Influenciadores,Influencer,Brand Awareness,Influencers,Brasil,Centro-Oeste,Facebook,67370.0,2978.0,1463.17,22487.75,532,163,81,18138,17622,1906,Mobile,New,0.044204,0.491326,2.75032,8.976503,18.063827,0.306391,0.152256,15.369198,14.369198,0.971551,0.105083,0.10816,2025,1,2025-01
2025-03-06,CAMP008,Newsletter,Email,Retenção,CRM,Brasil,Centro-Oeste,Google,104764.0,4555.0,2491.4,73809.08,1361,639,398,4071,555,355,Desktop,New,0.043479,0.546959,1.830566,3.898905,6.259799,0.469508,0.292432,29.625544,28.625544,0.13633,0.087202,0.63964,2025,3,2025-03
2025-05-11,CAMP004,Email Black Friday,Email,Retenção,CRM,Brasil,Unknown,YouTube,21459.0,1166.0,3591.87,18004.4,139,106,44,30680,5057,2775,Tablet,Returning,0.054336,3.080506,25.840791,33.885566,81.633409,0.76259,0.316547,5.012542,4.012542,0.164831,0.09045,0.548744,2025,5,2025-05
2025-01-31,CAMP004,Email Black Friday,Social Media,Retenção,CRM,Brasil,Unknown,Instagram,29074.0,469.0,3749.55,2778.8,121,84,13,34708,33108,29715,Mobile,New,0.016131,7.994776,30.988017,44.6375,288.426923,0.694215,0.107438,0.741102,-0.258898,0.953901,0.856143,0.897517,2025,1,2025-01
2025-05-01,CAMP002,Meta Ads,Social Media,Aquisição,Meta,Brasil,Unknown,Email,57127.0,1141.0,5352.14,14433.03,356,130,59,22304,18802,9506,Mobile,Unknown,0.019973,4.690745,15.034101,41.170308,90.714237,0.365169,0.16573,2.696684,1.696684,0.842988,0.426202,0.505585,2025,5,2025-05
2025-06-24,CAMP001,Google Ads,Search,Aquisição,Google,Brasil,Centro-Oeste,Meta,18237.0,996.0,3336.87,27458.18,282,91,91,47577,39795,331,Mobile,Returning,0.054614,3.350271,11.832872,36.668901,36.668901,0.322695,0.322695,8.228723,7.228723,0.836434,0.006957,0.008318,2025,6,2025-06
2025-05-08,CAMP001,Google Ads,Search,Aquisição,Google,Brasil,Nordeste,Meta,15929.0,693.0,5159.6,5740.37,175,66,36,24831,13265,5424,Tablet,Returning,0.043506,7.44531,29.483429,78.175758,143.322222,0.377143,0.205714,1.112561,0.112561,0.534211,0.218437,0.408896,2025,5,2025-05
2025-01-16,CAMP007,YouTube Ads,Video,Aquisição,Google,Brasil,Unknown,Facebook,98410.0,1689.0,4968.81,17279.65,365,254,156,28626,2233,604,Tablet,Unknown,0.017163,2.941865,13.613178,19.562244,31.851346,0.69589,0.427397,3.477623,2.477623,0.078006,0.0211,0.270488,2025,1,2025-01
2025-05-31,CAMP002,Meta Ads,Social Media,Aquisição,Meta,Brasil,Nordeste,Google,85317.0,4800.0,2712.35,94921.08,1021,576,491,42954,24183,8804,Desktop,New,0.056261,0.565073,2.656562,4.708941,5.524134,0.564153,0.480901,34.995882,33.995882,0.562998,0.204963,0.364057,2025,5,2025-05
2025-03-29,CAMP002,Meta Ads,Social Media,Aquisição,Meta,Brasil,Sudeste,Email,10972.0,154.0,1232.92,3249.39,21,13,13,11255,1447,523,Mobile,Returning,0.014036,8.005974,58.710476,94.84,94.84,0.619048,0.619048,2.635524,1.635524,0.128565,0.046468,0.361437,2025,3,2025-03
2025-01-17,CAMP004,Email Black Friday,Email,Retenção,CRM,Brasil,Sudeste,Email,80039.0,1751.0,4972.95,16503.96,475,124,110,7085,4198,1124,Mobile,New,0.021877,2.840063,10.469368,40.104435,45.208636,0.261053,0.231579,3.318746,2.318746,0.592519,0.158645,0.267747,2025,1,2025-01
2025-02-15,CAMP006,Influenciadores,Influencer,Brand Awareness,Influencers,Brasil,Sudeste,Facebook,94630.0,2478.0,954.15,38269.51,528,155,155,45140,38590,14837,Desktop,New,0.026186,0.385048,1.807102,6.155806,6.155806,0.293561,0.293561,40.108484,39.108484,0.854896,0.328689,0.384478,2025,2,2025-02
2025-05-26,CAMP006,Influenciadores,Influencer,Brand Awareness,Influencers,Brasil,Nordeste,YouTube,98220.0,4718.0,6430.95,67536.08,1233,343,343,47314,42942,16138,Desktop,Returning,0.048035,1.363067,5.215693,18.749125,18.749125,0.278183,0.278183,10.501727,9.501727,0.907596,0.341083,0.375809,2025,5,2025-05
2025-06-08,CAMP007,YouTube Ads,Video,Aquisição,Google,Brasil,Sul,Instagram,22322.0,656.0,3576.85,6487.01,61,18,18,48921,32826,30297,Mobile,Returning,0.029388,5.452515,58.636885,198.713889,198.713889,0.295082,0.295082,1.81361,0.81361,0.671,0.619305,0.922957,2025,6,2025-06
2025-06-06,CAMP008,Newsletter,Email,Retenção,CRM,Brasil,Sul,Google,112658.0,5930.0,3402.85,47421.53,1475,1136,499,45491,44866,41894,Tablet,New,0.052637,0.573836,2.307017,2.995467,6.819339,0.770169,0.338305,13.935827,12.935827,0.986261,0.920929,0.933758,2025,6,2025-06
2025-01-15,CAMP003,Instagram,Social Media,Brand Awareness,Meta,Brasil,Centro-Oeste,Email,43098.0,1980.0,6012.15,11271.43,548,404,132,27567,25096,20850,Mobile,New,0.045942,3.036439,10.971077,14.881559,45.546591,0.737226,0.240876,1.874775,0.874775,0.910364,0.756339,0.83081,2025,1,2025-01
2025-03-22,CAMP001,Google Ads,Search,Aquisição,Google,Brasil,Unknown,Instagram,64946.0,1110.0,213.57,45222.28,260,112,112,3972,1872,1503,Unknown,New,0.017091,0.192405,0.821423,1.906875,1.906875,0.430769,0.430769,211.744533,210.744533,0.471299,0.378399,0.802885,2025,3,2025-03
2025-03-11,CAMP008,Newsletter,Email,Retenção,CRM,Brasil,Sudeste,Instagram,19706.0,258.0,737.48,1143.2,34,27,10,4285,757,23,Desktop,New,0.013092,2.85845,21.690588,27.314074,73.748,0.794118,0.294118,1.550144,0.550144,0.176663,0.005368,0.030383,2025,3,2025-03
2025-06-05,CAMP003,Instagram,Social Media,Brand Awareness,Meta,Brasil,Sudeste,YouTube,114543.0,5508.0,5992.25,94842.32,575,443,315,37561,7373,2513,Tablet,Unknown,0.048087,1.087918,10.421304,13.526524,19.023016,0.770435,0.547826,15.827497,14.827497,0.196294,0.066905,0.340838,2025,6,2025-06
2025-05-12,CAMP008,Newsletter,Email,Retenção,CRM,Brasil,Unknown,Email,12642.0,772.0,1851.44,5137.32,179,46,24,20462,2983,1958,Mobile,Returning,0.061066,2.398238,10.34324,40.248696,77.143333,0.256983,0.134078,2.77477,1.77477,0.145782,0.09569,0.656386,2025,5,2025-05
2025-04-18,CAMP002,Meta Ads,Social Media,Aquisição,Meta,Brasil,Unknown,Meta,49143.0,1802.0,175.15,30047.44,330,258,120,10063,834,470,Mobile,Returning,0.036668,0.097198,0.530758,0.678876,1.459583,0.781818,0.363636,171.552612,170.552612,0.082878,0.046706,0.563549,2025,4,2025-04
2025-01-09,CAMP002,Meta Ads,Social Media,Aquisição,Meta,Brasil,Sul,Instagram,112634.0,4796.0,5213.62,50349.87,495,250,155,16898,1214,323,Tablet,Returning,0.04258,1.087077,10.532566,20.85448,33.636258,0.505051,0.313131,9.657372,8.657372,0.071843,0.019115,0.266063,2025,1,2025-01
2025-06-10,CAMP007,YouTube Ads,Video,Aquisição,Google,Brasil,Centro-Oeste,Facebook,50807.0,755.0,1144.49,32090.64,232,121,78,45650,23290,14247,Unknown,New,0.01486,1.515881,4.933147,9.458595,14.672949,0.521552,0.336207,28.039249,27.039249,0.510186,0.312092,0.611722,2025,6,2025-06
2025-04-21,CAMP001,Google Ads,Search,Aquisição,Google,Brasil,Sul,Google,62089.0,62089.0,6256.24,73858.48,520,303,215,22630,7271,748,Desktop,Returning,1.0,0.100762,12.031231,20.647657,29.098791,0.582692,0.413462,11.80557,10.80557,0.321299,0.033053,0.102874,2025,4,2025-04
2025-02-09,CAMP001,Google Ads,Search,Aquisição,Google,Brasil,Sudeste,Facebook,72359.0,4157.0,6287.85,58438.28,492,228,228,15772,13621,11859,Desktop,New,0.05745,1.512593,12.780183,27.578289,27.578289,0.463415,0.463415,9.293841,8.293841,0.863619,0.751902,0.870641,2025,2,2025-02
2025-01-22,CAMP006,Influenciadores,Influencer,Brand Awareness,Influencers,Brasil,Sudeste,YouTube,115218.0,115218.0,4158.04,12884.81,1288,678,106,29511,7246,6891,Desktop,Unknown,1.0,0.036088,3.228292,6.132802,39.226792,0.526398,0.082298,3.09877,2.09877,0.245536,0.233506,0.951007,2025,1,2025-01
2025-02-02,CAMP001,Google Ads,Search,Aquisição,Google,Brasil,Sudeste,Google,15683.0,299.0,2147.48,2391.09,79,50,22,10491,6382,1415,Mobile,Returning,0.019065,7.182207,27.183291,42.9496,97.612727,0.632911,0.278481,1.11344,0.11344,0.608331,0.134878,0.221717,2025,2,2025-02
2025-01-12,CAMP003,Instagram,Social Media,Brand Awareness,Meta,Brasil,Sul,Email,30496.0,656.0,2603.44,13156.83,127,38,38,23912,4151,797,Desktop,Returning,0.021511,3.968659,20.499528,68.511579,68.511579,0.299213,0.299213,5.053633,4.053633,0.173595,0.033331,0.192002,2025,1,2025-01
2025-02-21,CAMP007,YouTube Ads,Video,Aquisição,Google,Brasil,Unknown,Meta,116695.0,6708.0,4581.44,67112.41,2346,812,392,22498,4662,4326,Mobile,New,0.057483,0.682982,1.952873,5.642167,11.687347,0.346121,0.167093,14.648759,13.648759,0.207218,0.192284,0.927928,2025,2,2025-02
2025-03-18,CAMP002,Meta Ads,Social Media,Aquisição,Meta,Brasil,Nordeste,Meta,116030.0,2310.0,5903.22,63394.31,577,225,225,42182,17127,16846,Desktop,Unknown,0.019909,2.555506,10.230884,26.236533,26.236533,0.389948,0.389948,10.738937,9.738937,0.406026,0.399365,0.983593,2025,3,2025-03
2025-01-23,CAMP001,Google Ads,Search,Aquisição,Google,Brasil,Sul,Facebook,33615.0,1430.0,3488.64,39871.01,338,260,123,43372,33435,3370,Unknown,Returning,0.042541,2.439608,10.32142,13.417846,28.362927,0.769231,0.363905,11.428812,10.428812,0.770889,0.0777,0.100793,2025,1,2025-01
2025-04-19,CAMP006,Influenciadores,Influencer,Brand Awareness,Influencers,Brasil,Sudeste,Email,113198.0,2710.0,709.7,44349.9,765,482,311,28885,21885,6895,Mobile,Returning,0.02394,0.261882,0.927712,1.472407,2.281994,0.630065,0.406536,62.491053,61.491053,0.75766,0.238705,0.315056,2025,4,2025-04
2025-04-24,CAMP006,Influenciadores,Influencer,Brand Awareness,Influencers,Brasil,Sudeste,Meta,43931.0,2755.0,3469.21,20420.93,528,218,218,45958,19899,19787,Desktop,New,0.062712,1.259241,6.570473,15.913807,15.913807,0.412879,0.412879,5.886334,4.886334,0.432982,0.430545,0.994372,2025,4,2025-04
2025-05-26,CAMP007,YouTube Ads,Video,Aquisição,Google,Brasil,Unknown,Meta,22358.0,822.0,3104.51,9680.68,123,60,60,42169,36495,13703,Desktop,Returning,0.036765,3.776776,25.239919,51.741833,51.741833,0.487805,0.487805,3.118263,2.118263,0.865446,0.324954,0.375476,2025,5,2025-05
2025-05-01,CAMP002,Meta Ads,Social Media,Aquisição,Meta,Brasil,Unknown,Email,112339.0,1382.0,4378.2,22962.42,466,340,171,45223,26119,2835,Mobile,New,0.012302,3.168017,9.395279,12.877059,25.603509,0.729614,0.366953,5.244717,4.244717,0.57756,0.062689,0.108542,2025,5,2025-05
2025-04-28,CAMP003,Instagram,Social Media,Brand Awareness,Meta,Brasil,Centro-Oeste,Facebook,96239.0,3134.0,3984.89,13657.51,330,88,88,24351,16006,11381,Desktop,Returning,0.032565,1.271503,12.075424,45.282841,45.282841,0.266667,0.266667,3.427324,2.427324,0.657304,0.467373,0.711046,2025,4,2025-04
2025-04-23,CAMP002,Meta Ads,Social Media,Aquisição,Meta,Brasil,Sul,YouTube,6067.0,287.0,6171.06,7364.86,77,55,30,19608,6371,1726,Unknown,Returning,0.047305,21.501951,80.143636,112.201091,205.702,0.714286,0.38961,1.193451,0.193451,0.324918,0.088025,0.270915,2025,4,2025-04
2025-06-24,CAMP001,Google Ads,Search,Aquisição,Google,Brasil,Nordeste,Facebook,32937.0,1678.0,3579.5,44872.43,463,276,134,20775,10542,4357,Mobile,New,0.050946,2.133194,7.731102,12.969203,26.712687,0.596112,0.289417,12.535949,11.535949,0.507437,0.209723,0.413299,2025,6,2025-06
2025-05-18,CAMP004,Email Black Friday,Email,Retenção,CRM,Brasil,Sudeste,Facebook,100046.0,3143.0,6284.24,14681.05,566,149,118,28228,14429,2374,Mobile,Returning,0.031416,1.99944,11.102898,42.176107,53.256271,0.263251,0.208481,2.33617,1.33617,0.511159,0.084101,0.16453,2025,5,2025-05
2025-05-21,CAMP003,Instagram,Social Media,Brand Awareness,Meta,Brasil,Sul,Meta,104862.0,2924.0,1462.18,123343.45,327,98,98,8869,2956,1921,Desktop,Returning,0.027884,0.500062,4.471498,14.920204,14.920204,0.299694,0.299694,84.355859,83.355859,0.333296,0.216597,0.649865,2025,5,2025-05
2025-01-16,CAMP005,Remarketing,Display,Conversão,Google,Brasil,Sudeste,Google,47406.0,0.0,307.59,24022.88,99,70,66,20965,19146,12229,Desktop,Returning,0.0,0.0,3.10697,4.394143,4.660455,0.707071,0.666667,78.100328,77.100328,0.913236,0.583306,0.638723,2025,1,2025-01
2025-04-17,CAMP005,Remarketing,Display,Conversão,Google,Brasil,Sudeste,Instagram,54510.0,2656.0,0.0,57519.39,453,242,213,39014,27250,20229,Desktop,New,0.048725,0.0,0.0,0.0,0.0,0.534216,0.470199,0.0,0.0,0.698467,0.518506,0.742349,2025,4,2025-04
2025-03-18,CAMP001,Google Ads,Search,Aquisição,Google,Brasil,Unknown,Email,48876.0,2022.0,4982.39,10317.6,361,100,52,24524,7065,4916,Mobile,New,0.04137,2.46409,13.801634,49.8239,95.815192,0.277008,0.144044,2.070813,1.070813,0.288085,0.200457,0.695824,2025,3,2025-03
2025-03-27,CAMP007,YouTube Ads,Video,Aquisição,Google,Brasil,Sudeste,Email,115468.0,2173.0,890.98,66365.86,373,246,219,27784,14605,1079,Unknown,Returning,0.018819,0.410023,2.388686,3.62187,4.068402,0.659517,0.587131,74.486363,73.486363,0.525662,0.038835,0.073879,2025,3,2025-03
2025-01-08,CAMP005,Remarketing,Display,Conversão,Google,Brasil,Sudeste,YouTube,59615.0,2186.0,5945.01,69384.6,471,231,184,44148,29401,8780,Desktop,Returning,0.036669,2.719584,12.622102,25.735974,32.309837,0.490446,0.390658,11.671065,10.671065,0.665964,0.198877,0.298629,2025,1,2025-01
2025-04-23,CAMP007,YouTube Ads,Video,Aquisição,Google,Brasil,Sudeste,Google,31205.0,943.0,334.94,35515.65,305,151,104,25406,1875,447,Mobile,New,0.03022,0.355186,1.098164,2.218146,3.220577,0.495082,0.340984,106.035857,105.035857,0.073801,0.017594,0.2384,2025,4,2025-04
2025-04-17,CAMP002,Meta Ads,Social Media,Aquisição,Meta,Brasil,Centro-Oeste,Meta,91907.0,3547.0,2108.04,151008.89,1015,392,392,44397,37909,21352,Desktop,Unknown,0.038593,0.594316,2.076887,5.377653,5.377653,0.386207,0.386207,71.634737,70.634737,0.853864,0.480933,0.563244,2025,4,2025-04
2025-04-16,CAMP006,Influenciadores,Influencer,Brand Awareness,Influencers,Brasil,Sudeste,Meta,90184.0,4928.0,5279.73,51123.74,1133,719,255,2587,1822,1164,Mobile,Unknown,0.054644,1.071374,4.659956,7.343157,20.704824,0.634598,0.225066,9.683022,8.683022,0.704291,0.449942,0.638858,2025,4,2025-04
2025-01-10,CAMP001,Google Ads,Search,Aquisição,Google,Brasil,Sudeste,Meta,28227.0,1316.0,3972.58,16173.75,137,71,51,26179,5257,5176,Mobile,Returning,0.046622,3.018678,28.996934,55.951831,77.893725,0.518248,0.372263,4.071347,3.071347,0.20081,0.197716,0.984592,2025,1,2025-01
2025-03-29,CAMP001,Google Ads,Search,Aquisição,Google,Brasil,Nordeste,Instagram,112009.0,2424.0,1745.07,26837.0,282,116,116,22248,2514,470,Unknown,Returning,0.021641,0.719913,6.188191,15.043707,15.043707,0.411348,0.411348,15.378753,14.378753,0.112999,0.021125,0.186953,2025,3,2025-03
2025-05-09,CAMP002,Meta Ads,Social Media,Aquisição,Meta,Brasil,Sudeste,Facebook,39077.0,39077.0,5695.52,7250.24,284,160,77,45748,39349,29377,Desktop,Returning,1.0,0.145751,20.054648,35.597,73.967792,0.56338,0.271127,1.272972,0.272972,0.860125,0.642148,0.746576,2025,5,2025-05
2025-01-29,CAMP003,Instagram,Social Media,Brand Awareness,Meta,Brasil,Sudeste,Facebook,45100.0,1722.0,2038.45,30555.07,234,161,98,38579,22958,6697,Mobile,Unknown,0.038182,1.183769,8.711325,12.66118,20.80051,0.688034,0.418803,14.989364,13.989364,0.595091,0.173592,0.291707,2025,1,2025-01
2025-04-16,CAMP002,Meta Ads,Social Media,Aquisição,Meta,Brasil,Centro-Oeste,Instagram,106505.0,2700.0,174.85,7390.78,512,367,201,39452,13266,6499,Mobile,New,0.025351,0.064759,0.341504,0.476431,0.8699,0.716797,0.392578,42.269259,41.269259,0.336257,0.164732,0.489899,2025,4,2025-04
2025-05-30,CAMP008,Newsletter,Email,Retenção,CRM,Brasil,Unknown,Email,54297.0,2983.0,2785.93,34547.55,591,222,222,22376,370,36,Tablet,New,0.054939,0.933936,4.713926,12.549234,12.549234,0.375635,0.375635,12.400724,11.400724,0.016536,0.001609,0.097297,2025,5,2025-05
2025-03-03,CAMP008,Newsletter,Email,Retenção,CRM,Brasil,Centro-Oeste,Facebook,69839.0,915.0,5276.11,25045.16,128,97,97,19051,2691,1996,Mobile,New,0.013102,5.76624,41.219609,54.392887,54.392887,0.757812,0.757812,4.746899,3.746899,0.141252,0.104771,0.741732,2025,3,2025-03
2025-01-28,CAMP002,Meta Ads,Social Media,Aquisição,Meta,Brasil,Nordeste,Google,61866.0,3534.0,6465.48,71511.23,353,281,230,14928,9721,2367,Desktop,New,0.057123,1.829508,18.315807,23.008826,28.110783,0.796034,0.651558,11.060467,10.060467,0.651192,0.158561,0.243493,2025,1,2025-01
2025-04-29,CAMP006,Influenciadores,Influencer,Brand Awareness,Influencers,Brasil,Centro-Oeste,Meta,30761.0,1998.0,1930.89,12088.33,248,100,90,45380,20493,18595,Desktop,Unknown,0.064952,0.966411,7.785847,19.3089,21.454333,0.403226,0.362903,6.260496,5.260496,0.451587,0.409762,0.907383,2025,4,2025-04
2025-02-20,CAMP004,Email Black Friday,Email,Retenção,CRM,Brasil,Nordeste,Meta,117743.0,1995.0,2135.73,9238.97,234,113,48,27382,11139,6331,Mobile,New,0.016944,1.070541,9.127051,18.900265,44.494375,0.482906,0.205128,4.325907,3.325907,0.4068,0.23121,0.568363,2025,2,2025-02
2025-04-20,CAMP004,Email Black Friday,Email,Retenção,CRM,Brasil,Sul,Google,111415.0,4474.0,2264.27,31723.68,486,305,259,34307,10974,5615,Mobile,New,0.040156,0.506095,4.658992,7.423836,8.742355,0.627572,0.532922,14.010555,13.010555,0.319876,0.163669,0.511664,2025,4,2025-04
2025-05-22,CAMP005,Remarketing,Display,Conversão,Google,Brasil,Sul,Instagram,41490.0,1816.0,3549.87,33413.36,546,424,238,30388,6458,2756,Mobile,New,0.04377,1.954774,6.501593,8.372335,14.91542,0.776557,0.435897,9.412559,8.412559,0.212518,0.090694,0.426758,2025,5,2025-05
2025-05-09,CAMP005,Remarketing,Display,Conversão,Google,Brasil,Sudeste,Instagram,8203.0,315.0,3944.84,12432.19,93,70,37,20733,9969,3201,Mobile,Unknown,0.038401,12.523302,42.417634,56.354857,106.617297,0.752688,0.397849,3.151507,2.151507,0.480828,0.154392,0.321095,2025,5,2025-05
2025-06-25,CAMP008,Newsletter,Email,Retenção,CRM,Brasil,Centro-Oeste,Meta,41145.0,537.0,5982.61,13946.35,65,29,29,7772,298,275,Mobile,New,0.013051,11.140801,92.040154,206.296897,206.296897,0.446154,0.446154,2.331148,1.331148,0.038343,0.035383,0.922819,2025,6,2025-06
2025-04-08,CAMP002,Meta Ads,Social Media,Aquisição,Meta,Brasil,Sul,Email,92193.0,3440.0,5467.81,31695.59,746,351,202,14934,10095,9574,Desktop,New,0.037313,1.58948,7.329504,15.577806,27.068366,0.470509,0.270777,5.796761,4.796761,0.675974,0.641087,0.94839,2025,4,2025-04
2025-03-04,CAMP006,Influenciadores,Influencer,Brand Awareness,Influencers,Brasil,Sudeste,Meta,93540.0,4096.0,5925.88,52898.51,407,305,191,24977,17064,8163,Mobile,New,0.043789,1.446748,14.559902,19.429115,31.02555,0.749386,0.469287,8.926693,7.926693,0.683189,0.326821,0.478376,2025,3,2025-03
2025-03-18,CAMP004,Email Black Friday,Email,Retenção,CRM,Brasil,Centro-Oeste,Google,94506.0,3058.0,2285.56,53874.86,479,245,245,20381,15015,6521,Mobile,New,0.032358,0.747404,4.771524,9.328816,9.328816,0.511482,0.511482,23.571842,22.571842,0.736716,0.319955,0.434299,2025,3,2025-03
2025-05-12,CAMP002,Meta Ads,Social Media,Aquisição,Meta,Brasil,Unknown,Meta,15082.0,855.0,6097.8,1509.75,262,135,64,8848,5404,5393,Mobile,New,0.05669,7.13193,23.274046,45.168889,95.278125,0.515267,0.244275,0.247589,-0.752411,0.610759,0.609516,0.997964,2025,5,2025-05
2025-06-19,CAMP008,Newsletter,Email,Retenção,CRM,Brasil,Unknown,Facebook,115777.0,3038.0,0.0,26613.78,274,165,165,41958,30160,20707,Mobile,Unknown,0.02624,0.0,0.0,0.0,0.0,0.60219,0.60219,0.0,0.0,0.718814,0.493517,0.686572,2025,6,2025-06
2025-06-14,CAMP004,Email Black Friday,Email,Retenção,CRM,Brasil,Centro-Oeste,Instagram,93031.0,1807.0,2003.36,9295.41,329,247,113,22550,93,43,Desktop,Returning,0.019424,1.108666,6.08924,8.110769,17.72885,0.75076,0.343465,4.63991,3.63991,0.004124,0.001907,0.462366,2025,6,2025-06
2025-05-19,CAMP004,Email Black Friday,Email,Retenção,CRM,Brasil,Sudeste,Email,33876.0,1538.0,1939.38,27339.84,480,292,118,20257,3346,2135,Tablet,New,0.045401,1.260975,4.040375,6.641712,16.435424,0.608333,0.245833,14.097206,13.097206,0.165177,0.105396,0.638075,2025,5,2025-05
2025-03-07,CAMP004,Email Black Friday,Email,Retenção,CRM,Brasil,Unknown,Facebook,107153.0,5481.0,3915.44,67805.6,445,128,128,11391,7325,1469,Mobile,New,0.051151,0.714366,8.798742,30.589375,30.589375,0.28764,0.28764,17.317492,16.317492,0.643052,0.128961,0.200546,2025,3,2025-03
2025-02-12,CAMP008,Newsletter,Email,Retenção,CRM,Brasil,Unknown,Facebook,113807.0,1514.0,5785.89,28908.94,290,119,97,1560,1330,1269,Desktop,New,0.013303,3.821592,19.951345,48.620924,59.648351,0.410345,0.334483,4.996455,3.996455,0.852564,0.813462,0.954135,2025,2,2025-02
2025-04-02,CAMP007,YouTube Ads,Video,Aquisição,Google,Brasil,Nordeste,YouTube,80542.0,4512.0,4343.98,57378.54,603,350,239,19680,17323,1725,Mobile,Returning,0.05602,0.962762,7.203947,12.411371,18.175649,0.580431,0.396352,13.208749,12.208749,0.880234,0.087652,0.099579,2025,4,2025-04
2025-05-30,CAMP002,Meta Ads,Social Media,Aquisição,Meta,Brasil,Sudeste,YouTube,77723.0,3816.0,2218.21,47653.81,1209,329,198,6295,4076,2675,Desktop,Returning,0.049097,0.581292,1.834748,6.74228,11.203081,0.272126,0.163772,21.483002,20.483002,0.647498,0.42494,0.656281,2025,5,2025-05
2025-04-15,CAMP002,Meta Ads,Social Media,Aquisição,Meta,Brasil,Centro-Oeste,Instagram,77258.0,3726.0,1650.78,114931.86,692,313,313,30047,10588,4366,Unknown,Returning,0.048228,0.443043,2.38552,5.274058,5.274058,0.452312,0.452312,69.62276,68.62276,0.352381,0.145306,0.412354,2025,4,2025-04
2025-05-11,CAMP005,Remarketing,Display,Conversão,Google,Brasil,Unknown,Instagram,115920.0,6252.0,1366.16,69651.53,1961,750,277,23322,7999,7219,Mobile,New,0.053934,0.218516,0.696665,1.821547,4.931986,0.382458,0.141254,50.983435,49.983435,0.342981,0.309536,0.902488,2025,5,2025-05
2025-02-20,CAMP007,YouTube Ads,Video,Aquisição,Google,Brasil,Centro-Oeste,Instagram,71188.0,3019.0,404.44,83348.56,554,184,184,8689,1379,147,Desktop,Returning,0.042409,0.133965,0.730036,2.198043,2.198043,0.33213,0.33213,206.083869,205.083869,0.158706,0.016918,0.106599,2025,2,2025-02
2025-05-26,CAMP006,Influenciadores,Influencer,Brand Awareness,Influencers,Brasil,Unknown,Google,56805.0,1907.0,4364.02,47130.86,355,214,136,2725,1112,627,Mobile,New,0.033571,2.288422,12.293014,20.392617,32.088382,0.602817,0.383099,10.799873,9.799873,0.408073,0.230092,0.563849,2025,5,2025-05
2025-03-13,CAMP003,Instagram,Social Media,Brand Awareness,Meta,Brasil,Unknown,Email,100044.0,3807.0,0.0,105610.15,428,295,295,1256,1230,857,Desktop,New,0.038053,0.0,0.0,0.0,0.0,0.689252,0.689252,0.0,0.0,0.979299,0.682325,0.696748,2025,3,2025-03
2025-01-27,CAMP002,Meta Ads,Social Media,Aquisição,Meta,Brasil,Nordeste,Email,113617.0,2093.0,2895.98,32398.53,209,110,110,3431,574,345,Desktop,New,0.018422,1.38365,13.856364,26.327091,26.327091,0.526316,0.526316,11.187415,10.187415,0.167298,0.100554,0.601045,2025,1,2025-01
2025-05-27,CAMP004,Email Black Friday,Email,Retenção,CRM,Brasil,Sudeste,YouTube,79391.0,3305.0,1947.05,21462.63,1151,592,312,14662,13739,1789,Mobile,Returning,0.041629,0.589123,1.691616,3.288936,6.240545,0.514335,0.271069,11.023153,10.023153,0.937048,0.122016,0.130213,2025,5,2025-05
2025-06-21,CAMP005,Remarketing,Display,Conversão,Google,Brasil,Nordeste,Email,43262.0,1858.0,575.39,6987.63,271,199,78,38412,22257,4394,Desktop,Returning,0.042948,0.309682,2.12321,2.891407,7.376795,0.734317,0.287823,12.144163,11.144163,0.579428,0.114391,0.197421,2025,6,2025-06
2025-05-17,CAMP007,YouTube Ads,Video,Aquisição,Google,Brasil,Sudeste,YouTube,115310.0,5474.0,5912.39,49873.91,1227,900,410,2245,1551,277,Mobile,Returning,0.047472,1.080086,4.818574,6.569322,14.420463,0.733496,0.334148,8.435491,7.435491,0.690869,0.123385,0.178594,2025,5,2025-05
2025-03-12,CAMP002,Meta Ads,Social Media,Aquisição,Meta,Brasil,Sul,Facebook,7801.0,267.0,1179.86,5398.59,74,53,24,6958,904,268,Mobile,Unknown,0.034226,4.418951,15.944054,22.261509,49.160833,0.716216,0.324324,4.575619,3.575619,0.129922,0.038517,0.29646,2025,3,2025-03
2025-04-05,CAMP008,Newsletter,Email,Retenção,CRM,Brasil,Unknown,Meta,70715.0,752.0,4125.72,22980.5,162,47,47,22586,5344,4507,Unknown,Returning,0.010634,5.48633,25.467407,87.781277,87.781277,0.290123,0.290123,5.570058,4.570058,0.236607,0.199548,0.843376,2025,4,2025-04
2025-05-06,CAMP003,Instagram,Social Media,Brand Awareness,Meta,Brasil,Unknown,YouTube,67222.0,3338.0,4830.35,15575.18,1046,548,202,3015,1658,1332,Desktop,New,0.049656,1.447079,4.617925,8.814507,23.912624,0.523901,0.193117,3.224441,2.224441,0.549917,0.441791,0.803378,2025,5,2025-05
2025-01-13,CAMP008,Newsletter,Email,Retenção,CRM,Brasil,Nordeste,Email,48306.0,2828.0,4910.76,17389.43,589,468,250,13779,9116,5392,Tablet,Returning,0.058543,1.736478,8.337453,10.493077,19.64304,0.794567,0.424448,3.541087,2.541087,0.661586,0.39132,0.591487,2025,1,2025-01
2025-03-15,CAMP005,Remarketing,Display,Conversão,Google,Brasil,Nordeste,Google,16672.0,1009.0,2562.52,19300.67,245,136,77,19101,12544,5308,Tablet,Returning,0.060521,2.539663,10.459265,18.842059,33.279481,0.555102,0.314286,7.53191,6.53191,0.65672,0.277891,0.423151,2025,3,2025-03
2025-01-08,CAMP007,YouTube Ads,Video,Aquisição,Google,Brasil,Sudeste,Email,62893.0,3899.0,1010.53,53557.48,430,328,209,18270,4382,1785,Unknown,New,0.061994,0.259177,2.35007,3.080884,4.835072,0.762791,0.486047,52.999396,51.999396,0.239847,0.097701,0.407348,2025,1,2025-01
2025-01-27,CAMP004,Email Black Friday,Email,Retenção,CRM,Brasil,Sudeste,Meta,58450.0,825.0,0.0,5597.25,282,138,58,20797,8027,7959,Desktop,New,0.014115,0.0,0.0,0.0,0.0,0.489362,0.205674,0.0,0.0,0.385969,0.382699,0.991529,2025,1,2025-01
2025-01-18,CAMP006,Influenciadores,Influencer,Brand Awareness,Influencers,Brasil,Unknown,Instagram,15447.0,187.0,1957.77,6490.38,33,10,10,26017,13528,5006,Mobile,Returning,0.012106,10.469358,59.326364,195.777,195.777,0.30303,0.30303,3.31519,2.31519,0.519968,0.192413,0.370047,2025,1,2025-01
2025-04-01,CAMP005,Remarketing,Display,Conversão,Google,Brasil,Sudeste,Email,27694.0,1583.0,5308.83,18507.73,517,204,122,9378,1597,1360,Tablet,New,0.05716,3.353651,10.26853,26.023676,43.515,0.394584,0.235977,3.486216,2.486216,0.170292,0.14502,0.851597,2025,4,2025-04
2025-03-11,CAMP003,Instagram,Social Media,Brand Awareness,Meta,Brasil,Sudeste,Meta,66824.0,3086.0,5267.41,4919.46,406,187,73,13612,4537,2335,Mobile,New,0.046181,1.706873,12.973916,28.167968,72.156301,0.460591,0.179803,0.933943,-0.066057,0.333309,0.17154,0.514657,2025,3,2025-03
2025-05-29,CAMP006,Influenciadores,Influencer,Brand Awareness,Influencers,Brasil,Sudeste,Instagram,60355.0,3109.0,4334.87,35947.31,370,271,271,35600,23984,5167,Tablet,New,0.051512,1.394297,11.715865,15.99583,15.99583,0.732432,0.732432,8.292592,7.292592,0.673708,0.14514,0.215435,2025,5,2025-05
2025-01-25,CAMP001,Google Ads,Search,Aquisição,Google,Brasil,Sudeste,Google,70792.0,1214.0,1156.6,34894.95,216,129,129,15267,9581,4515,Desktop,Returning,0.017149,0.952718,5.35463,8.965891,8.965891,0.597222,0.597222,30.170284,29.170284,0.627563,0.295736,0.471245,2025,1,2025-01
2025-06-27,CAMP004,Email Black Friday,Email,Retenção,CRM,Brasil,Sudeste,Google,77322.0,3764.0,2705.2,32347.92,750,505,246,9983,636,373,Unknown,Returning,0.04868,0.718704,3.606933,5.356832,10.996748,0.673333,0.328,11.957682,10.957682,0.063708,0.037364,0.586478,2025,6,2025-06
2025-05-06,CAMP001,Google Ads,Search,Aquisição,Google,Brasil,Centro-Oeste,Facebook,116192.0,3596.0,5315.13,43898.27,930,353,132,12678,5279,5096,Tablet,Unknown,0.030949,1.478067,5.715194,15.057025,40.266136,0.37957,0.141935,8.259115,7.259115,0.416391,0.401956,0.965334,2025,5,2025-05
2025-03-26,CAMP006,Influenciadores,Influencer,Brand Awareness,Influencers,Brasil,Sul,YouTube,84305.0,4439.0,1388.6,201670.28,526,278,278,47710,16766,4112,Desktop,New,0.052654,0.312818,2.639924,4.994964,4.994964,0.528517,0.528517,145.23281,144.23281,0.351415,0.086187,0.245258,2025,3,2025-03
2025-05-30,CAMP006,Influenciadores,Influencer,Brand Awareness,Influencers,Brasil,Sudeste,YouTube,115708.0,5586.0,2241.19,59911.08,1195,656,635,5242,4217,80,Mobile,Returning,0.048277,0.401216,1.875473,3.416448,3.529433,0.548954,0.531381,26.731817,25.731817,0.804464,0.015261,0.018971,2025,5,2025-05
2025-06-21,CAMP001,Google Ads,Search,Aquisição,Google,Brasil,Unknown,Meta,102123.0,3087.0,4796.17,14432.71,960,511,109,48482,33793,32839,Tablet,New,0.030228,1.553667,4.99601,9.385851,44.00156,0.532292,0.113542,3.009216,2.009216,0.697022,0.677344,0.971769,2025,6,2025-06
2025-06-07,CAMP001,Google Ads,Search,Aquisição,Google,Brasil,Sudeste,YouTube,67451.0,1504.0,4492.62,32581.34,436,310,136,36057,13854,3872,Tablet,Returning,0.022298,2.987114,10.304174,14.492323,33.033971,0.711009,0.311927,7.252191,6.252191,0.384225,0.107386,0.279486,2025,6,2025-06
2025-04-17,CAMP005,Remarketing,Display,Conversão,Google,Brasil,Sul,Meta,95575.0,1649.0,4506.25,29529.02,179,112,112,39773,9187,7226,Mobile,New,0.017253,2.732717,25.174581,40.234375,40.234375,0.625698,0.625698,6.552903,5.552903,0.230986,0.181681,0.786546,2025,4,2025-04
2025-03-31,CAMP007,YouTube Ads,Video,Aquisição,Google,Brasil,Nordeste,Meta,11083.0,370.0,5389.61,3674.8,83,34,15,15635,671,231,Desktop,Unknown,0.033384,14.566514,64.93506,158.517941,359.307333,0.409639,0.180723,0.68183,-0.31817,0.042917,0.014775,0.344262,2025,3,2025-03
2025-02-20,CAMP004,Email Black Friday,Email,Retenção,CRM,Brasil,Centro-Oeste,Facebook,47676.0,1380.0,2116.16,10698.44,358,145,55,19617,4608,3714,Tablet,New,0.028945,1.533449,5.911061,14.594207,38.475636,0.405028,0.153631,5.055591,4.055591,0.234898,0.189326,0.80599,2025,2,2025-02
2025-04-10,CAMP001,Google Ads,Search,Aquisição,Google,Brasil,Sudeste,Google,79716.0,3542.0,1002.19,24236.6,608,388,166,40574,7396,7338,Mobile,Returning,0.044433,0.282945,1.648339,2.582964,6.037289,0.638158,0.273026,24.183638,23.183638,0.182284,0.180855,0.992158,2025,4,2025-04
2025-03-29,CAMP006,Influenciadores,Influencer,Brand Awareness,Influencers,Brasil,Centro-Oeste,YouTube,82066.0,4732.0,4009.29,123379.2,666,260,260,40802,40077,14379,Mobile,Returning,0.057661,0.847272,6.019955,15.420346,15.420346,0.39039,0.39039,30.773329,29.773329,0.982231,0.352409,0.358784,2025,3,2025-03
2025-02-20,CAMP007,YouTube Ads,Video,Aquisição,Google,Brasil,Sul,Facebook,16109.0,769.0,2284.62,6470.78,65,37,35,49777,38985,38440,Mobile,Returning,0.047737,2.970897,35.148,61.746486,65.274857,0.569231,0.538462,2.832322,1.832322,0.783193,0.772244,0.98602,2025,2,2025-02
2025-06-26,CAMP002,Meta Ads,Social Media,Aquisição,Meta,Brasil,Unknown,Instagram,57635.0,727.0,1735.12,24597.46,217,168,99,45358,35518,31212,Mobile,Unknown,0.012614,2.386685,7.995945,10.328095,17.526465,0.774194,0.456221,14.17623,13.17623,0.783059,0.688126,0.878766,2025,6,2025-06
2025-04-07,CAMP007,YouTube Ads,Video,Aquisição,Google,Brasil,Sudeste,Google,32588.0,1871.0,2720.86,54214.23,640,257,215,22113,11136,2819,Desktop,Unknown,0.057414,1.454228,4.251344,10.587004,12.655163,0.401562,0.335938,19.925402,18.925402,0.503595,0.127482,0.253143,2025,4,2025-04
2025-05-07,CAMP005,Remarketing,Display,Conversão,Google,Brasil,Unknown,Email,88161.0,3767.0,1961.3,61467.4,1101,309,309,47728,690,527,Desktop,New,0.042729,0.520653,1.781381,6.347249,6.347249,0.280654,0.280654,31.340132,30.340132,0.014457,0.011042,0.763768,2025,5,2025-05
2025-06-01,CAMP001,Google Ads,Search,Aquisição,Google,Brasil,Sudeste,Email,82256.0,3661.0,687.52,18565.06,514,269,154,37948,37030,27007,Mobile,New,0.044507,0.187796,1.337588,2.555836,4.464416,0.523346,0.299611,27.002938,26.002938,0.975809,0.711684,0.729328,2025,6,2025-06
2025-01-02,CAMP001,Google Ads,Search,Aquisição,Google,Brasil,Nordeste,Google,107674.0,4488.0,1209.37,51100.22,1303,506,506,13674,10326,5969,Tablet,Unknown,0.041681,0.269467,0.928143,2.390059,2.390059,0.388335,0.388335,42.253587,41.253587,0.755156,0.436522,0.578055,2025,1,2025-01
2025-06-04,CAMP001,Google Ads,Search,Aquisição,Google,Brasil,Unknown,Meta,107572.0,2289.0,5366.75,15430.83,573,253,172,42340,40775,9784,Desktop,Returning,0.021279,2.344583,9.366056,21.212451,31.202035,0.441536,0.300175,2.875265,1.875265,0.963037,0.231082,0.239951,2025,6,2025-06
2025-01-14,CAMP004,Email Black Friday,Email,Retenção,CRM,Brasil,Sudeste,Facebook,103848.0,5248.0,1220.6,23030.09,1432,1079,542,48599,35476,11528,Mobile,Returning,0.050535,0.232584,0.852374,1.131233,2.25203,0.753492,0.378492,18.867844,17.867844,0.729974,0.237207,0.324952,2025,1,2025-01
2025-02-14,CAMP001,Google Ads,Search,Aquisição,Google,Brasil,Sul,Meta,29783.0,1478.0,621.02,14964.41,453,293,175,16185,9024,1461,Mobile,New,0.049626,0.420176,1.370905,2.119522,3.548686,0.646799,0.386313,24.096503,23.096503,0.557553,0.090269,0.161902,2025,2,2025-02
2025-06-17,CAMP005,Remarketing,Display,Conversão,Google,Brasil,Centro-Oeste,Google,66394.0,1199.0,5890.62,17186.41,312,110,91,40973,28072,16006,Unknown,Returning,0.018059,4.912944,18.880192,53.551091,64.732088,0.352564,0.291667,2.917589,1.917589,0.685134,0.390647,0.570177,2025,6,2025-06
2025-02-21,CAMP008,Newsletter,Email,Retenção,CRM,Brasil,Nordeste,Google,109988.0,2889.0,6317.25,61582.56,902,506,269,43722,29048,19669,Mobile,New,0.026267,2.186656,7.003603,12.484684,23.484201,0.560976,0.298226,9.748318,8.748318,0.664379,0.449865,0.677121,2025,2,2025-02
2025-01-29,CAMP002,Meta Ads,Social Media,Aquisição,Meta,Brasil,Sudeste,Email,45794.0,1641.0,2217.44,53046.15,426,116,116,36052,17973,12047,Tablet,New,0.035834,1.351274,5.205258,19.115862,19.115862,0.2723,0.2723,23.922248,22.922248,0.49853,0.334156,0.670283,2025,1,2025-01
2025-04-28,CAMP007,YouTube Ads,Social Media,Aquisição,Google,Brasil,Sudeste,Facebook,90603.0,3221.0,0.0,24309.02,1032,581,323,2728,2307,1996,Unknown,Unknown,0.035551,0.0,0.0,0.0,0.0,0.562984,0.312984,0.0,0.0,0.845674,0.731672,0.865193,2025,4,2025-04
2025-03-22,CAMP005,Remarketing,Display,Conversão,Google,Brasil,Sudeste,Instagram,42405.0,1203.0,4231.79,16724.28,379,166,88,2004,46,45,Mobile,New,0.028369,3.517697,11.165673,25.492711,48.088523,0.437995,0.23219,3.952058,2.952058,0.022954,0.022455,0.978261,2025,3,2025-03
2025-04-07,CAMP007,YouTube Ads,Video,Aquisição,Google,Brasil,Sudeste,Instagram,104588.0,1275.0,6103.44,6764.1,313,161,31,34126,33617,7498,Unknown,New,0.012191,4.787012,19.499808,37.909565,196.885161,0.514377,0.099042,1.108244,0.108244,0.985085,0.219715,0.223042,2025,4,2025-04
2025-03-15,CAMP005,Remarketing,Display,Conversão,Google,Brasil,Centro-Oeste,Email,43619.0,2539.0,3915.45,42213.23,667,318,157,4235,2131,1100,Unknown,Returning,0.058209,1.542123,5.87024,12.312736,24.939172,0.476762,0.235382,10.781195,9.781195,0.503188,0.25974,0.51619,2025,3,2025-03
2025-01-14,CAMP007,YouTube Ads,Video,Aquisição,Google,Brasil,Centro-Oeste,Facebook,19439.0,209.0,3669.05,1017.27,47,33,5,31413,502,315,Unknown,New,0.010752,17.555263,78.064894,111.183333,733.81,0.702128,0.106383,0.277257,-0.722743,0.015981,0.010028,0.62749,2025,1,2025-01
2025-04-19,CAMP002,Meta Ads,Social Media,Aquisição,Meta,Brasil,Sul,Instagram,25156.0,1614.0,6060.79,9654.6,455,339,118,47127,2768,1206,Unknown,Returning,0.06416,3.755136,13.320418,17.878437,51.362627,0.745055,0.259341,1.592961,0.592961,0.058735,0.02559,0.435694,2025,4,2025-04
2025-05-17,CAMP003,Instagram,Social Media,Brand Awareness,Meta,Brasil,Sul,Meta,92897.0,2551.0,3730.56,69520.77,704,400,272,15123,11748,1079,Mobile,New,0.027461,1.462391,5.299091,9.3264,13.715294,0.568182,0.386364,18.635478,17.635478,0.77683,0.071348,0.091845,2025,5,2025-05
2025-04-26,CAMP001,Google Ads,Search,Aquisição,Google,Brasil,Centro-Oeste,Meta,6212.0,156.0,1155.1,4081.48,17,8,8,35108,26797,14805,Unknown,New,0.025113,7.404487,67.947059,144.3875,144.3875,0.470588,0.470588,3.533443,2.533443,0.763273,0.421699,0.552487,2025,4,2025-04
2025-03-21,CAMP004,Email Black Friday,Email,Retenção,CRM,Brasil,Unknown,Google,71062.0,896.0,6095.13,25103.23,309,166,90,32218,11704,9996,Tablet,Unknown,0.012609,6.8026,19.72534,36.717651,67.723667,0.537217,0.291262,4.118572,3.118572,0.363275,0.310261,0.854067,2025,3,2025-03
2025-06-12,CAMP002,Meta Ads,Social Media,Aquisição,Meta,Brasil,Unknown,YouTube,0.0,0.0,4909.96,69752.94,1247,745,305,42787,9255,1709,Tablet,Unknown,0.0,0.0,3.937418,6.59055,16.09823,0.597434,0.244587,14.206417,13.206417,0.216304,0.039942,0.184657,2025,6,2025-06
2025-01-01,CAMP005,Remarketing,Display,Conversão,Google,Brasil,Sudeste,Meta,60186.0,1385.0,3982.74,63209.41,186,61,61,39712,38031,20478,Tablet,Returning,0.023012,2.875625,21.412581,65.29082,65.29082,0.327957,0.327957,15.870835,14.870835,0.95767,0.515663,0.538455,2025,1,2025-01
2025-04-11,CAMP005,Remarketing,Display,Conversão,Google,Brasil,Sudeste,Google,92710.0,4543.0,1781.65,41376.89,637,179,179,21704,1892,1082,Tablet,Returning,0.049002,0.392175,2.796939,9.953352,9.953352,0.281005,0.281005,23.223916,22.223916,0.087173,0.049853,0.571882,2025,4,2025-04
2025-01-18,CAMP003,Instagram,Social Media,Brand Awareness,Meta,Brasil,Nordeste,YouTube,60184.0,2337.0,3685.25,77828.48,773,271,210,11051,8216,6739,Unknown,Unknown,0.038831,1.576915,4.767464,13.598708,17.54881,0.350582,0.271669,21.118915,20.118915,0.743462,0.609809,0.820229,2025,1,2025-01
2025-06-24,CAMP007,YouTube Ads,Video,Aquisição,Google,Brasil,Unknown,Meta,17288.0,342.0,5474.79,8886.23,65,24,24,5023,716,255,Tablet,Returning,0.019783,16.008158,84.227538,228.11625,228.11625,0.369231,0.369231,1.623118,0.623118,0.142544,0.050766,0.356145,2025,6,2025-06
2025-02-11,CAMP001,Google Ads,Search,Aquisição,Google,Brasil,Centro-Oeste,Instagram,103536.0,2304.0,3403.11,29731.75,539,255,236,28114,11882,889,Mobile,Returning,0.022253,1.477044,6.313748,13.345529,14.419958,0.473098,0.437848,8.736641,7.736641,0.422636,0.031621,0.074819,2025,2,2025-02
2025-04-18,CAMP008,Newsletter,Email,Retenção,CRM,Brasil,Sudeste,Instagram,99409.0,3232.0,2040.74,108449.61,936,619,382,22392,13262,5229,Unknown,Returning,0.032512,0.631417,2.180278,3.296834,5.342251,0.661325,0.40812,53.142296,52.142296,0.592265,0.233521,0.394284,2025,4,2025-04
2025-05-14,CAMP001,Google Ads,Search,Aquisição,Google,Brasil,Sudeste,Facebook,9261.0,468.0,3404.91,2990.09,99,64,21,24697,23406,4975,Desktop,Returning,0.050534,7.275449,34.39303,53.201719,162.138571,0.646465,0.212121,0.87817,-0.12183,0.947726,0.201441,0.212552,2025,5,2025-05
2025-02-04,CAMP005,Remarketing,Display,Conversão,Google,Brasil,Sul,Email,59555.0,3519.0,2684.34,91818.45,669,286,286,36798,8524,8107,Mobile,Returning,0.059088,0.762813,4.012466,9.385804,9.385804,0.427504,0.427504,34.205224,33.205224,0.231643,0.220311,0.951079,2025,2,2025-02
2025-02-07,CAMP007,YouTube Ads,Video,Aquisição,Google,Brasil,Sul,Google,89106.0,3442.0,0.0,11263.01,907,287,69,47835,42464,22923,Desktop,Returning,0.038628,0.0,0.0,0.0,0.0,0.316428,0.076075,0.0,0.0,0.887718,0.47921,0.539822,2025,2,2025-02
2025-04-24,CAMP001,Google Ads,Search,Aquisição,Google,Brasil,Unknown,Google,22140.0,1152.0,5368.44,12637.17,277,120,37,9630,444,206,Mobile,New,0.052033,4.660104,19.38065,44.737,145.092973,0.433213,0.133574,2.353974,1.353974,0.046106,0.021391,0.463964,2025,4,2025-04
2025-06-22,CAMP001,Google Ads,Search,Aquisição,Google,Brasil,Nordeste,YouTube,25637.0,1654.0,4363.24,31805.27,208,61,61,42509,25218,4350,Desktop,New,0.064516,2.637993,20.977115,71.528525,71.528525,0.293269,0.293269,7.28937,6.28937,0.593239,0.102331,0.172496,2025,6,2025-06
2025-01-24,CAMP006,Influenciadores,Influencer,Brand Awareness,Influencers,Brasil,Unknown,Facebook,54907.0,3512.0,966.07,34046.34,933,543,383,8130,4829,3186,Desktop,New,0.063963,0.275077,1.035445,1.779134,2.522376,0.581994,0.410504,35.242105,34.242105,0.593973,0.391882,0.659764,2025,1,2025-01
2025-01-07,CAMP003,Instagram,Social Media,Brand Awareness,Meta,Brasil,Centro-Oeste,Email,12548.0,352.0,0.0,3439.55,104,61,32,40322,27167,18899,Desktop,Unknown,0.028052,0.0,0.0,0.0,0.0,0.586538,0.307692,0.0,0.0,0.673751,0.468702,0.69566,2025,1,2025-01
2025-01-08,CAMP006,Influenciadores,Influencer,Brand Awareness,Influencers,Brasil,Nordeste,Google,88038.0,3990.0,1889.97,28992.13,445,178,155,28843,9046,7416,Unknown,New,0.045321,0.473677,4.247124,10.617809,12.193355,0.4,0.348315,15.339995,14.339995,0.313629,0.257116,0.81981,2025,1,2025-01
2025-05-19,CAMP002,Meta Ads,Social Media,Aquisição,Meta,Brasil,Sudeste,Email,93284.0,6015.0,2719.5,15589.75,1814,545,265,46697,29176,14925,Desktop,Returning,0.064481,0.45212,1.499173,4.989908,10.262264,0.300441,0.146086,5.73258,4.73258,0.624794,0.319614,0.511551,2025,5,2025-05
2025-05-08,CAMP004,Email Black Friday,Email,Retenção,CRM,Brasil,Nordeste,Email,105854.0,2659.0,1877.22,86011.4,360,139,139,2384,307,161,Tablet,Returning,0.02512,0.705987,5.2145,13.50518,13.50518,0.386111,0.386111,45.818498,44.818498,0.128775,0.067534,0.52443,2025,5,2025-05
2025-04-18,CAMP008,Newsletter,Email,Retenção,CRM,Brasil,Sudeste,Meta,15482.0,340.0,5194.34,1022.84,52,37,11,33779,29958,24208,Mobile,Returning,0.021961,15.277471,99.891154,140.387568,472.212727,0.711538,0.211538,0.196914,-0.803086,0.886882,0.716658,0.808065,2025,4,2025-04
2025-02-02,CAMP004,Email Black Friday,Email,Retenção,CRM,Brasil,Unknown,Instagram,66501.0,3586.0,3144.71,49869.06,711,221,155,11046,3083,2048,Tablet,New,0.053924,0.876941,4.42294,14.229457,20.288452,0.31083,0.218003,15.858079,14.858079,0.279106,0.185406,0.664288,2025,2,2025-02
2025-02-08,CAMP006,Influenciadores,Influencer,Brand Awareness,Influencers,Brasil,Sul,Meta,41163.0,0.0,1227.97,43282.14,106,54,54,8507,4857,3926,Mobile,New,0.0,0.0,11.584623,22.740185,22.740185,0.509434,0.509434,35.246903,34.246903,0.570942,0.461502,0.808318,2025,2,2025-02
2025-05-05,CAMP002,Meta Ads,Social Media,Aquisição,Meta,Brasil,Sudeste,Instagram,9414.0,522.0,4020.51,5858.29,93,48,21,5027,3336,1649,Desktop,New,0.055449,7.702126,43.23129,83.760625,191.452857,0.516129,0.225806,1.457101,0.457101,0.663616,0.328029,0.494305,2025,5,2025-05
2025-04-05,CAMP007,YouTube Ads,Video,Aquisição,Google,Brasil,Nordeste,YouTube,24781.0,271.0,5627.99,6691.14,64,50,29,12228,770,73,Mobile,Returning,0.010936,20.767491,87.937344,112.5598,194.068621,0.78125,0.453125,1.188904,0.188904,0.06297,0.00597,0.094805,2025,4,2025-04
2025-03-17,CAMP003,Instagram,Social Media,Brand Awareness,Meta,Brasil,Unknown,YouTube,78048.0,835.0,3987.82,12095.37,178,117,82,36343,12714,6185,Desktop,Returning,0.010699,4.775832,22.403483,34.083932,48.631951,0.657303,0.460674,3.033078,2.033078,0.349834,0.170184,0.486472,2025,3,2025-03
2025-06-16,CAMP002,Meta Ads,Social Media,Aquisição,Meta,Brasil,Sul,Meta,76240.0,1662.0,3514.45,9644.17,415,130,62,8960,6078,3039,Mobile,Unknown,0.0218,2.114591,8.468554,27.034231,56.684677,0.313253,0.149398,2.744148,1.744148,0.678348,0.339174,0.5,2025,6,2025-06
2025-02-20,CAMP004,Email Black Friday,Email,Retenção,CRM,Brasil,Sudeste,Email,51433.0,2693.0,6315.24,43889.5,710,202,202,13380,9877,1434,Mobile,Unknown,0.052359,2.345058,8.894704,31.263564,31.263564,0.284507,0.284507,6.949775,5.949775,0.738191,0.107175,0.145186,2025,2,2025-02
2025-01-10,CAMP003,Instagram,Social Media,Brand Awareness,Meta,Brasil,Sul,Instagram,34317.0,1352.0,876.68,22061.66,393,177,0,23449,11260,2179,Desktop,New,0.039397,0.648432,2.230738,4.952994,0.0,0.450382,0.0,25.165009,24.165009,0.480191,0.092925,0.193517,2025,1,2025-01
2025-06-13,CAMP002,Meta Ads,Social Media,Aquisição,Meta,Brasil,Nordeste,Meta,26061.0,806.0,6263.68,9598.91,156,80,78,9245,442,320,Mobile,Returning,0.030927,7.771315,40.151795,78.296,80.30359,0.512821,0.5,1.532471,0.532471,0.04781,0.034613,0.723982,2025,6,2025-06
2025-04-29,CAMP007,YouTube Ads,Video,Aquisição,Google,Brasil,Sudeste,Email,7939.0,475.0,1407.5,7033.64,56,40,40,22586,9308,1291,Tablet,New,0.059831,2.963158,25.133929,35.1875,35.1875,0.714286,0.714286,4.997258,3.997258,0.412114,0.057159,0.138698,2025,4,2025-04
2025-01-10,CAMP004,Email Black Friday,Email,Retenção,CRM,Brasil,Unknown,Facebook,53926.0,3116.0,2277.3,26333.31,567,240,175,7044,3487,3287,Desktop,New,0.057783,0.730841,4.016402,9.48875,13.013143,0.42328,0.308642,11.563391,10.563391,0.495031,0.466638,0.942644,2025,1,2025-01
2025-06-14,CAMP002,Meta Ads,Social Media,Aquisição,Meta,Brasil,Sudeste,Facebook,108948.0,3394.0,0.0,130626.1,700,511,325,8991,8592,5935,Mobile,Returning,0.031152,0.0,0.0,0.0,0.0,0.73,0.464286,0.0,0.0,0.955622,0.660105,0.690759,2025,6,2025-06
2025-02-11,CAMP005,Remarketing,Display,Conversão,Google,Brasil,Centro-Oeste,Google,84164.0,4853.0,769.88,65492.6,846,468,170,39138,28757,4858,Tablet,Unknown,0.057661,0.15864,0.910024,1.645043,4.528706,0.553191,0.200946,85.068582,84.068582,0.734759,0.124125,0.168933,2025,2,2025-02
2025-04-06,CAMP008,Newsletter,Email,Retenção,CRM,Brasil,Sul,Email,79527.0,1784.0,796.14,19052.24,197,84,84,26921,19340,14901,Tablet,Unknown,0.022433,0.446267,4.04132,9.477857,9.477857,0.426396,0.426396,23.930766,22.930766,0.718398,0.553508,0.770476,2025,4,2025-04
2025-02-04,CAMP003,Instagram,Social Media,Brand Awareness,Meta,Brasil,Unknown,Facebook,0.0,0.0,4697.54,43935.69,435,347,294,27246,12807,1151,Mobile,Returning,0.0,0.0,10.798943,13.537579,15.978027,0.797701,0.675862,9.352915,8.352915,0.470051,0.042245,0.089873,2025,2,2025-02
2025-06-08,CAMP008,Newsletter,Email,Retenção,CRM,Brasil,Centro-Oeste,Google,65011.0,1705.0,3990.49,32108.07,511,145,132,15026,4038,1052,Desktop,New,0.026226,2.340463,7.809178,27.520621,30.230985,0.283757,0.258317,8.046147,7.046147,0.268734,0.070012,0.260525,2025,6,2025-06
2025-04-05,CAMP003,Instagram,Social Media,Brand Awareness,Meta,Brasil,Centro-Oeste,Instagram,73232.0,3127.0,1583.6,9297.49,860,598,327,21092,15932,8953,Tablet,New,0.0427,0.506428,1.841395,2.648161,4.842813,0.695349,0.380233,5.87111,4.87111,0.755357,0.424474,0.561951,2025,4,2025-04
2025-02-19,CAMP004,Email Black Friday,Email,Retenção,CRM,Brasil,Sudeste,YouTube,95787.0,1153.0,5047.9,14643.58,284,171,40,37648,5932,1894,Unknown,Unknown,0.012037,4.378057,17.774296,29.519883,126.1975,0.602113,0.140845,2.900925,1.900925,0.157565,0.050308,0.319285,2025,2,2025-02
2025-01-01,CAMP004,Email Black Friday,Email,Retenção,CRM,Brasil,Sudeste,Facebook,0.0,0.0,4965.22,248033.03,1466,1161,709,37665,34937,13563,Mobile,Returning,0.0,0.0,3.386917,4.276675,7.003131,0.791951,0.483629,49.954087,48.954087,0.927572,0.360096,0.388213,2025,1,2025-01
2025-04-01,CAMP007,YouTube Ads,Video,Aquisição,Google,Brasil,Unknown,Email,89787.0,1388.0,1458.57,28062.21,135,95,95,27091,24468,14179,Tablet,New,0.015459,1.050843,10.804222,15.353368,15.353368,0.703704,0.703704,19.239536,18.239536,0.903178,0.523384,0.579492,2025,4,2025-04
2025-01-04,CAMP002,Meta Ads,Social Media,Aquisição,Meta,Brasil,Sudeste,Instagram,79311.0,1402.0,4010.54,19303.69,174,55,55,22209,6516,416,Tablet,Returning,0.017677,2.860585,23.04908,72.918909,72.918909,0.316092,0.316092,4.81324,3.81324,0.293395,0.018731,0.063843,2025,1,2025-01
2025-03-14,CAMP004,Email Black Friday,Email,Retenção,CRM,Brasil,Centro-Oeste,Instagram,86481.0,3395.0,2164.57,21278.58,758,211,121,43687,21976,591,Mobile,Returning,0.039257,0.637576,2.855633,10.258626,17.889008,0.278364,0.159631,9.830396,8.830396,0.503033,0.013528,0.026893,2025,3,2025-03
2025-06-18,CAMP006,Influenciadores,Influencer,Brand Awareness,Influencers,Brasil,Sul,Meta,42211.0,2414.0,549.15,36037.14,642,375,157,35033,12938,11159,Tablet,Unknown,0.057189,0.227486,0.855374,1.4644,3.497771,0.584112,0.244548,65.623491,64.623491,0.369309,0.318528,0.862498,2025,6,2025-06
2025-04-25,CAMP008,Newsletter,Email,Retenção,CRM,Brasil,Nordeste,Facebook,10974.0,621.0,3271.12,10703.66,105,60,26,8045,279,18,Mobile,Returning,0.056588,5.267504,31.153524,54.518667,125.812308,0.571429,0.247619,3.27217,2.27217,0.03468,0.002237,0.064516,2025,4,2025-04
2025-04-12,CAMP004,Email Black Friday,Email,Retenção,CRM,Brasil,Nordeste,YouTube,113199.0,3808.0,6225.91,99868.92,1262,720,400,42628,40581,23092,Desktop,New,0.03364,1.634955,4.933368,8.647097,15.564775,0.570523,0.316957,16.040855,15.040855,0.95198,0.54171,0.569035,2025,4,2025-04
2025-02-13,CAMP004,Email Black Friday,Email,Retenção,CRM,Brasil,Sudeste,YouTube,100022.0,5203.0,6215.79,188240.36,863,294,294,37575,24260,22483,Desktop,New,0.052019,1.194655,7.202538,21.142143,21.142143,0.340672,0.340672,30.284221,29.284221,0.645642,0.59835,0.926752,2025,2,2025-02
2025-06-17,CAMP004,Email Black Friday,Email,Retenção,CRM,Brasil,Nordeste,Facebook,23298.0,1495.0,977.56,10338.16,356,101,70,7683,5837,3052,Desktop,Returning,0.064169,0.653886,2.745955,9.678812,13.965143,0.283708,0.196629,10.575474,9.575474,0.759729,0.397241,0.522871,2025,6,2025-06
2025-02-14,CAMP005,Remarketing,Display,Conversão,Google,Brasil,Sul,Email,8688.0,338.0,3881.83,2363.92,116,48,14,33849,16078,6999,Mobile,New,0.038904,11.484704,33.464052,80.871458,277.273571,0.413793,0.12069,0.608971,-0.391029,0.474992,0.206771,0.435315,2025,2,2025-02
2025-06-12,CAMP002,Meta Ads,Social Media,Aquisição,Meta,Brasil,Nordeste,Meta,91103.0,5697.0,6259.88,108994.46,871,602,389,35269,16498,4406,Desktop,Returning,0.062534,1.098803,7.187003,10.398472,16.092237,0.69116,0.446613,17.411589,16.411589,0.467776,0.124926,0.267063,2025,6,2025-06
2025-04-03,CAMP005,Remarketing,Display,Conversão,Google,Brasil,Centro-Oeste,Google,60261.0,774.0,4300.72,25927.37,64,24,24,22518,17059,4267,Unknown,New,0.012844,5.556486,67.19875,179.196667,179.196667,0.375,0.375,6.028611,5.028611,0.757572,0.189493,0.250132,2025,4,2025-04
2025-06-13,CAMP004,Email Black Friday,Email,Retenção,CRM,Brasil,Sul,YouTube,7419.0,397.0,6126.21,16122.51,62,26,26,32110,9664,258,Mobile,Unknown,0.053511,15.431259,98.809839,235.623462,235.623462,0.419355,0.419355,2.631727,1.631727,0.300965,0.008035,0.026697,2025,6,2025-06
2025-01-06,CAMP003,Instagram,Social Media,Brand Awareness,Meta,Brasil,Sudeste,Email,63268.0,925.0,6298.12,18902.22,294,146,84,45070,15595,5679,Mobile,Returning,0.01462,6.808778,21.422177,43.137808,74.977619,0.496599,0.285714,3.001248,2.001248,0.346017,0.126004,0.364155,2025,1,2025-01
2025-01-15,CAMP004,Email Black Friday,Email,Retenção,CRM,Brasil,Sudeste,Email,15564.0,15564.0,5190.9,5182.66,29,15,15,15298,13827,6676,Desktop,New,1.0,0.33352,178.996552,346.06,346.06,0.517241,0.517241,0.998413,-0.001587,0.903844,0.436397,0.482823,2025,1,2025-01
2025-06-18,CAMP003,Instagram,Social Media,Brand Awareness,Meta,Brasil,Unknown,Instagram,13484.0,523.0,1015.19,9544.29,108,79,34,4869,2794,1255,Unknown,Returning,0.038787,1.94109,9.399907,12.850506,29.858529,0.731481,0.314815,9.401481,8.401481,0.573834,0.257753,0.449177,2025,6,2025-06
2025-06-21,CAMP005,Remarketing,Display,Conversão,Google,Brasil,Sudeste,Email,8823.0,530.0,4266.13,2866.32,100,62,13,7718,1731,26,Desktop,New,0.06007,8.049302,42.6613,68.808548,328.163846,0.62,0.13,0.671878,-0.328122,0.224281,0.003369,0.01502,2025,6,2025-06
2025-02-26,CAMP005,Remarketing,Display,Conversão,Google,Brasil,Sudeste,YouTube,86015.0,4571.0,652.83,51384.69,753,271,209,14864,1525,989,Desktop,New,0.053142,0.14282,0.866972,2.408967,3.123589,0.359894,0.277556,78.710675,77.710675,0.102597,0.066537,0.648525,2025,2,2025-02
2025-02-12,CAMP005,Remarketing,Display,Conversão,Google,Brasil,Sudeste,Google,28284.0,504.0,540.8,4294.78,144,106,27,5656,2110,1334,Tablet,Returning,0.017819,1.073016,3.755556,5.101887,20.02963,0.736111,0.1875,7.941531,6.941531,0.373055,0.235856,0.632227,2025,2,2025-02
2025-06-05,CAMP003,Instagram,Social Media,Brand Awareness,Meta,Brasil,Sudeste,YouTube,80010.0,4000.0,4312.13,25879.62,1321,378,312,8232,5614,3337,Desktop,New,0.049994,1.078032,3.264292,11.407751,13.820929,0.286147,0.236185,6.001586,5.001586,0.681973,0.405369,0.594407,2025,6,2025-06
2025-03-15,CAMP008,Newsletter,Email,Retenção,CRM,Brasil,Sul,Instagram,79387.0,2307.0,2839.48,31276.64,746,348,222,44417,22554,12672,Mobile,Returning,0.02906,1.230811,3.806273,8.159425,12.79045,0.466488,0.297587,11.014918,10.014918,0.507779,0.285296,0.561852,2025,3,2025-03
2025-05-26,CAMP003,Instagram,Social Media,Brand Awareness,Meta,Brasil,Unknown,Facebook,73147.0,4062.0,2343.68,67643.58,797,404,402,25028,6560,2725,Desktop,Returning,0.055532,0.576977,2.940627,5.801188,5.83005,0.506901,0.504391,28.862123,27.862123,0.262106,0.108878,0.415396,2025,5,2025-05
2025-05-18,CAMP003,Instagram,Social Media,Brand Awareness,Meta,Brasil,Nordeste,Meta,101730.0,4330.0,5402.45,76105.78,668,264,264,25673,5239,292,Desktop,Unknown,0.042564,1.247679,8.0875,20.463826,20.463826,0.39521,0.39521,14.087272,13.087272,0.204067,0.011374,0.055736,2025,5,2025-05
2025-02-13,CAMP003,Instagram,Social Media,Brand Awareness,Meta,Brasil,Centro-Oeste,Instagram,39674.0,2489.0,861.83,38386.68,521,387,167,4849,1058,274,Desktop,New,0.062736,0.346256,1.654184,2.226951,5.160659,0.742802,0.320537,44.540896,43.540896,0.218189,0.056506,0.258979,2025,2,2025-02
2025-06-15,CAMP003,Instagram,Social Media,Brand Awareness,Meta,Brasil,Nordeste,Facebook,43428.0,786.0,5298.14,12865.22,91,47,32,13342,12239,11419,Tablet,Returning,0.018099,6.740636,58.221319,112.726383,165.566875,0.516484,0.351648,2.428252,1.428252,0.917329,0.855869,0.933001,2025,6,2025-06
2025-03-18,CAMP005,Remarketing,Display,Conversão,Google,Brasil,Nordeste,Meta,10674.0,192.0,2289.45,4185.98,31,9,9,40713,2400,1705,Desktop,Returning,0.017988,11.924219,73.853226,254.383333,254.383333,0.290323,0.290323,1.828378,0.828378,0.058949,0.041879,0.710417,2025,3,2025-03
2025-03-27,CAMP002,Meta Ads,Social Media,Aquisição,Meta,Brasil,Centro-Oeste,Meta,74072.0,2180.0,5950.79,10402.56,444,196,90,47008,32875,1626,Desktop,Returning,0.029431,2.72972,13.40268,30.361173,66.119889,0.441441,0.202703,1.748097,0.748097,0.699349,0.03459,0.04946,2025,3,2025-03
2025-02-17,CAMP002,Meta Ads,Social Media,Aquisição,Meta,Brasil,Sudeste,YouTube,78844.0,3968.0,555.55,37389.33,594,442,412,15167,916,897,Desktop,Returning,0.050327,0.140008,0.935269,1.2569,1.348422,0.744108,0.693603,67.301467,66.301467,0.060394,0.059142,0.979258,2025,2,2025-02
2025-02-20,CAMP004,Email Black Friday,Email,Retenção,CRM,Brasil,Sudeste,Facebook,15360.0,705.0,4323.97,5834.16,85,58,26,35579,9032,7963,Tablet,Unknown,0.045898,6.133291,50.870235,74.551207,166.306538,0.682353,0.305882,1.34926,0.34926,0.253858,0.223812,0.881643,2025,2,2025-02
2025-02-04,CAMP007,YouTube Ads,Video,Aquisição,Google,Brasil,Unknown,Instagram,93365.0,3045.0,3430.07,15599.91,366,112,62,44858,15295,14837,Desktop,New,0.032614,1.12646,9.371776,30.625625,55.32371,0.306011,0.169399,4.547986,3.547986,0.340965,0.330755,0.970056,2025,2,2025-02
2025-06-13,CAMP003,Instagram,Social Media,Brand Awareness,Meta,Brasil,Sudeste,Email,49645.0,1324.0,3273.41,4246.71,345,185,110,42881,13546,6805,Tablet,Unknown,0.026669,2.472364,9.488145,17.694108,29.758273,0.536232,0.318841,1.297335,0.297335,0.315897,0.158695,0.502362,2025,6,2025-06
2025-05-17,CAMP006,Influenciadores,Influencer,Brand Awareness,Influencers,Brasil,Sudeste,YouTube,78616.0,4696.0,3264.34,45095.07,1054,672,487,43244,8776,4327,Desktop,Returning,0.059733,0.695132,3.097097,4.857649,6.702957,0.637571,0.462049,13.814453,12.814453,0.202941,0.10006,0.493049,2025,5,2025-05
2025-02-22,CAMP002,Meta Ads,Social Media,Aquisição,Meta,Brasil,Nordeste,Instagram,54004.0,1773.0,252.29,13177.49,230,71,71,35319,13584,10399,Mobile,Returning,0.032831,0.142296,1.096913,3.55338,3.55338,0.308696,0.308696,52.231519,51.231519,0.384609,0.294431,0.765533,2025,2,2025-02
2025-01-01,CAMP007,YouTube Ads,Video,Aquisição,Google,Brasil,Sudeste,Instagram,109505.0,3851.0,1789.98,89109.03,1339,840,479,30685,26637,2180,Tablet,Returning,0.035167,0.464809,1.336804,2.130929,3.73691,0.627334,0.35773,49.782137,48.782137,0.868079,0.071044,0.081841,2025,1,2025-01
2025-03-19,CAMP006,Influenciadores,Influencer,Brand Awareness,Influencers,Brasil,Sul,Email,86067.0,3899.0,3872.26,70108.87,919,402,348,27325,22597,1903,Tablet,New,0.045302,0.993142,4.213558,9.632488,11.127184,0.437432,0.378672,18.105414,17.105414,0.826972,0.069643,0.084215,2025,3,2025-03
2025-05-08,CAMP005,Remarketing,Display,Conversão,Google,Brasil,Nordeste,Email,16698.0,524.0,3398.25,18838.17,47,24,24,2949,244,48,Mobile,Returning,0.031381,6.48521,72.303191,141.59375,141.59375,0.510638,0.510638,5.543492,4.543492,0.08274,0.016277,0.196721,2025,5,2025-05
2025-05-05,CAMP006,Influenciadores,Influencer,Brand Awareness,Influencers,Brasil,Sudeste,Instagram,50592.0,643.0,1327.37,4573.55,223,135,24,25240,21845,9228,Unknown,Unknown,0.01271,2.064339,5.952332,9.83237,55.307083,0.605381,0.107623,3.445573,2.445573,0.865491,0.36561,0.422431,2025,5,2025-05
2025-06-23,CAMP003,Instagram,Social Media,Brand Awareness,Meta,Brasil,Centro-Oeste,Meta,91760.0,3109.0,5455.84,42970.05,940,609,344,34607,24578,9243,Desktop,Unknown,0.033882,1.754854,5.804085,8.958686,15.86,0.647872,0.365957,7.875973,6.875973,0.710203,0.267085,0.376068,2025,6,2025-06
2025-06-24,CAMP004,Email Black Friday,Email,Retenção,CRM,Brasil,Unknown,Instagram,71673.0,591.0,864.4,7409.2,100,45,45,35928,30552,15136,Mobile,Returning,0.008246,1.462606,8.644,19.208889,19.208889,0.45,0.45,8.571495,7.571495,0.850367,0.421287,0.495418,2025,6,2025-06
2025-05-23,CAMP001,Google Ads,Search,Aquisição,Google,Brasil,Sudeste,Meta,20619.0,282.0,5431.84,4960.32,60,15,12,10415,5718,2068,Tablet,Returning,0.013677,19.261844,90.530667,362.122667,452.653333,0.25,0.2,0.913193,-0.086807,0.549016,0.19856,0.361665,2025,5,2025-05
2025-03-25,CAMP004,Email Black Friday,Email,Retenção,CRM,Brasil,Sudeste,Email,14649.0,623.0,4201.32,14688.26,142,112,57,11679,10985,4861,Desktop,New,0.042529,6.743692,29.586761,37.511786,73.707368,0.788732,0.401408,3.496106,2.496106,0.940577,0.416217,0.442513,2025,3,2025-03
2025-05-27,CAMP005,Remarketing,Display,Conversão,Google,Brasil,Nordeste,Meta,47923.0,1823.0,4056.61,12292.18,223,128,57,2669,2538,1931,Unknown,New,0.03804,2.225239,18.191076,31.692266,71.168596,0.573991,0.255605,3.030161,2.030161,0.950918,0.723492,0.760835,2025,5,2025-05
2025-06-29,CAMP006,Influenciadores,Influencer,Brand Awareness,Influencers,Brasil,Unknown,Email,107439.0,1244.0,2477.0,36392.65,423,132,108,25918,7207,5292,Tablet,Returning,0.011579,1.991158,5.855792,18.765152,22.935185,0.312057,0.255319,14.692229,13.692229,0.278069,0.204182,0.734286,2025,6,2025-06
2025-03-25,CAMP002,Meta Ads,Social Media,Aquisição,Meta,Brasil,Sul,Google,18280.0,432.0,183.81,11697.66,74,31,31,30119,15025,7145,Desktop,New,0.023632,0.425486,2.483919,5.929355,5.929355,0.418919,0.418919,63.639954,62.639954,0.498855,0.237226,0.475541,2025,3,2025-03
2025-06-02,CAMP005,Remarketing,Display,Conversão,Google,Brasil,Sudeste,Instagram,67040.0,3064.0,4825.38,64724.28,300,94,94,3368,2869,531,Desktop,Returning,0.045704,1.574863,16.0846,51.33383,51.33383,0.313333,0.313333,13.413302,12.413302,0.851841,0.15766,0.185082,2025,6,2025-06
2025-03-18,CAMP006,Influenciadores,Influencer,Brand Awareness,Influencers,Brasil,Sudeste,Facebook,14862.0,434.0,4974.23,6174.72,88,51,18,18997,3679,817,Mobile,Unknown,0.029202,11.461359,56.525341,97.533922,276.346111,0.579545,0.204545,1.241342,0.241342,0.193662,0.043007,0.222071,2025,3,2025-03
2025-03-05,CAMP003,Instagram,Social Media,Brand Awareness,Meta,Brasil,Centro-Oeste,Google,100740.0,4014.0,763.34,130362.89,1178,536,323,31175,16292,10225,Mobile,New,0.039845,0.190169,0.647997,1.424142,2.363282,0.455008,0.274194,170.779587,169.779587,0.522598,0.327987,0.627609,2025,3,2025-03
2025-01-17,CAMP006,Influenciadores,Influencer,Brand Awareness,Influencers,Brasil,Unknown,YouTube,54648.0,1690.0,0.0,18286.08,558,280,134,38132,17861,13829,Desktop,New,0.030925,0.0,0.0,0.0,0.0,0.501792,0.240143,0.0,0.0,0.468399,0.362661,0.774257,2025,1,2025-01
2025-05-27,CAMP003,Instagram,Social Media,Brand Awareness,Meta,Brasil,Unknown,Facebook,111034.0,1602.0,793.03,42564.29,347,240,113,9303,947,25,Mobile,Unknown,0.014428,0.495025,2.285389,3.304292,7.017965,0.691643,0.325648,53.672988,52.672988,0.101795,0.002687,0.026399,2025,5,2025-05
2025-04-16,CAMP004,Email Black Friday,Email,Retenção,CRM,Brasil,Unknown,Meta,69236.0,2099.0,4610.35,46703.42,725,236,158,47353,46785,45320,Tablet,Returning,0.030317,2.196451,6.359103,19.535381,29.17943,0.325517,0.217931,10.130125,9.130125,0.988005,0.957067,0.968687,2025,4,2025-04
2025-01-26,CAMP004,Email Black Friday,Email,Retenção,CRM,Brasil,Centro-Oeste,Instagram,58281.0,3547.0,858.62,61041.84,1238,508,167,34637,7741,5165,Unknown,New,0.06086,0.242069,0.693554,1.690197,5.141437,0.410339,0.134895,71.092963,70.092963,0.223489,0.149118,0.667226,2025,1,2025-01
2025-05-21,CAMP006,Influenciadores,Influencer,Brand Awareness,Influencers,Brasil,Sudeste,Email,38387.0,373.0,5779.84,3355.71,72,38,12,11529,1291,150,Unknown,Unknown,0.009717,15.49555,80.275556,152.101053,481.653333,0.527778,0.166667,0.580589,-0.419411,0.111978,0.013011,0.116189,2025,5,2025-05
2025-02-16,CAMP002,Meta Ads,Social Media,Aquisição,Meta,Brasil,Sudeste,Instagram,38593.0,1922.0,5573.0,54336.8,175,80,80,39164,31541,3465,Desktop,New,0.049802,2.899584,31.845714,69.6625,69.6625,0.457143,0.457143,9.750009,8.750009,0.805357,0.088474,0.109857,2025,2,2025-02
2025-05-08,CAMP003,Instagram,Social Media,Brand Awareness,Meta,Brasil,Unknown,Email,55070.0,2071.0,3469.11,26482.78,235,83,83,11903,400,364,Mobile,Unknown,0.037607,1.675089,14.76217,41.796506,41.796506,0.353191,0.353191,7.633883,6.633883,0.033605,0.030581,0.91,2025,5,2025-05
2025-06-27,CAMP004,Email Black Friday,Email,Retenção,CRM,Brasil,Centro-Oeste,Google,10212.0,548.0,415.57,6134.57,127,59,27,4691,3841,252,Unknown,Unknown,0.053662,0.758339,3.272205,7.043559,15.391481,0.464567,0.212598,14.761821,13.761821,0.818802,0.05372,0.065608,2025,6,2025-06
2025-05-18,CAMP003,Instagram,Social Media,Brand Awareness,Meta,Brasil,Sudeste,Meta,10487.0,443.0,6186.26,6363.61,124,66,39,47253,2459,96,Tablet,Returning,0.042243,13.96447,49.889194,93.731212,158.622051,0.532258,0.314516,1.028668,0.028668,0.052039,0.002032,0.03904,2025,5,2025-05
2025-04-14,CAMP002,Meta Ads,Social Media,Aquisição,Meta,Brasil,Nordeste,Meta,20419.0,784.0,349.15,8273.49,196,94,60,8292,7142,6000,Mobile,Returning,0.038396,0.445344,1.781378,3.714362,5.819167,0.479592,0.306122,23.696091,22.696091,0.861312,0.723589,0.840101,2025,4,2025-04
2025-03-09,CAMP001,Google Ads,Search,Aquisição,Google,Brasil,Nordeste,Facebook,30772.0,790.0,1486.43,12421.64,114,63,63,29109,20754,4301,Tablet,New,0.025673,1.881557,13.03886,23.594127,23.594127,0.552632,0.552632,8.356694,7.356694,0.712975,0.147755,0.207237,2025,3,2025-03
2025-05-03,CAMP001,Google Ads,Search,Aquisição,Google,Brasil,Centro-Oeste,Facebook,65522.0,1825.0,1838.43,11911.62,160,107,52,47099,9945,910,Mobile,New,0.027853,1.007359,11.490188,17.181589,35.354423,0.66875,0.325,6.479235,5.479235,0.211151,0.019321,0.091503,2025,5,2025-05
2025-04-15,CAMP007,YouTube Ads,Video,Aquisição,Google,Brasil,Nordeste,Meta,104445.0,1914.0,3067.72,68004.39,270,113,113,7655,6190,771,Desktop,New,0.018325,1.60278,11.361926,27.147965,27.147965,0.418519,0.418519,22.16773,21.16773,0.808622,0.100718,0.124556,2025,4,2025-04
2025-05-14,CAMP006,Influenciadores,Influencer,Brand Awareness,Influencers,Brasil,Centro-Oeste,YouTube,115234.0,6363.0,1121.82,114362.23,1218,891,454,21079,17101,642,Mobile,Returning,0.055218,0.176304,0.921034,1.259057,2.470969,0.731527,0.372742,101.943476,100.943476,0.811281,0.030457,0.037542,2025,5,2025-05
2025-03-27,CAMP006,Influenciadores,Influencer,Brand Awareness,Influencers,Brasil,Nordeste,YouTube,30362.0,892.0,3673.4,12625.32,72,43,36,28621,12823,6994,Mobile,Returning,0.029379,4.118161,51.019444,85.427907,102.038889,0.597222,0.5,3.436958,2.436958,0.448028,0.244366,0.545426,2025,3,2025-03
2025-02-02,CAMP004,Email Black Friday,Email,Retenção,CRM,Brasil,Nordeste,Facebook,15956.0,369.0,6038.78,8675.52,118,54,40,23889,15618,7170,Mobile,Returning,0.023126,16.365257,51.176102,111.829259,150.9695,0.457627,0.338983,1.436635,0.436635,0.653774,0.300138,0.459086,2025,2,2025-02
2025-05-14,CAMP008,Newsletter,Email,Retenção,CRM,Brasil,Sul,Instagram,108187.0,1485.0,4531.27,19187.19,397,251,125,49621,32926,32269,Desktop,Returning,0.013726,3.05136,11.413778,18.052869,36.25016,0.632242,0.314861,4.234396,3.234396,0.66355,0.650309,0.980046,2025,5,2025-05
2025-06-24,CAMP005,Remarketing,Display,Conversão,Google,Brasil,Centro-Oeste,Meta,13733.0,366.0,1223.52,4808.33,42,20,14,26551,21392,2570,Unknown,New,0.026651,3.342951,29.131429,61.176,87.394286,0.47619,0.333333,3.929915,2.929915,0.805695,0.096795,0.120138,2025,6,2025-06
2025-03-13,CAMP002,Meta Ads,Social Media,Aquisição,Meta,Brasil,Unknown,Google,19404.0,994.0,636.48,13511.87,341,206,59,4909,3420,2531,Mobile,New,0.051227,0.640322,1.86651,3.089709,10.787797,0.604106,0.173021,21.229057,20.229057,0.69668,0.515584,0.740058,2025,3,2025-03
2025-06-06,CAMP004,Email Black Friday,Email,Retenção,CRM,Brasil,Centro-Oeste,YouTube,69973.0,2989.0,4128.18,66921.37,1021,517,225,22326,4597,4536,Unknown,Returning,0.042716,1.381124,4.043271,7.984874,18.347467,0.506366,0.220372,16.210865,15.210865,0.205903,0.203171,0.98673,2025,6,2025-06
2025-06-10,CAMP008,Newsletter,Email,Retenção,CRM,Brasil,Nordeste,Email,78251.0,4154.0,2313.16,17813.03,533,357,175,33021,528,262,Unknown,Returning,0.053086,0.556851,4.339887,6.47944,13.218057,0.669794,0.32833,7.700734,6.700734,0.01599,0.007934,0.496212,2025,6,2025-06
2025-06-02,CAMP001,Google Ads,Search,Aquisição,Google,Brasil,Sul,Facebook,75441.0,2991.0,5261.86,15637.92,763,495,126,4925,271,4,Unknown,New,0.039647,1.759231,6.896278,10.63002,41.760794,0.648755,0.165138,2.971938,1.971938,0.055025,0.000812,0.01476,2025,6,2025-06
2025-03-11,CAMP008,Newsletter,Email,Retenção,CRM,Brasil,Unknown,Meta,91130.0,1809.0,5291.43,28804.27,518,255,129,17568,8031,5563,Unknown,Returning,0.019851,2.925058,10.215116,20.750706,41.018837,0.492278,0.249035,5.44357,4.44357,0.457138,0.316655,0.692691,2025,3,2025-03
2025-02-25,CAMP004,Email Black Friday,Email,Retenção,CRM,Brasil,Sudeste,Google,15204.0,887.0,2581.47,9427.45,215,157,57,46301,32911,8559,Mobile,Returning,0.05834,2.910338,12.006837,16.442484,45.288947,0.730233,0.265116,3.65197,2.65197,0.710805,0.184856,0.260065,2025,2,2025-02
2025-03-14,CAMP005,Remarketing,Display,Conversão,Google,Brasil,Sudeste,Meta,32579.0,1348.0,4817.4,6485.89,149,82,45,10751,6907,1083,Unknown,Unknown,0.041376,3.573739,32.331544,58.74878,107.053333,0.550336,0.302013,1.346347,0.346347,0.642452,0.100735,0.156797,2025,3,2025-03
2025-04-16,CAMP008,Newsletter,Email,Retenção,CRM,Brasil,Sudeste,Facebook,33767.0,1123.0,5629.28,9750.76,325,169,91,3994,1133,748,Desktop,New,0.033257,5.012716,17.320862,33.309349,61.86022,0.52,0.28,1.73215,0.73215,0.283676,0.187281,0.660194,2025,4,2025-04
2025-06-16,CAMP007,YouTube Ads,Video,Aquisição,Google,Brasil,Sul,YouTube,103112.0,4437.0,5732.35,31357.69,1151,502,92,27365,25188,9814,Mobile,Returning,0.043031,1.291943,4.980321,11.419024,62.308152,0.436142,0.07993,5.470303,4.470303,0.920446,0.358633,0.38963,2025,6,2025-06
2025-04-23,CAMP006,Influenciadores,Influencer,Brand Awareness,Influencers,Brasil,Centro-Oeste,YouTube,41355.0,1481.0,4511.99,4499.03,342,142,33,36285,17533,14228,Desktop,New,0.035812,3.046583,13.192953,31.774577,136.72697,0.415205,0.096491,0.997128,-0.002872,0.483202,0.392118,0.811498,2025,4,2025-04
2025-01-20,CAMP006,Influenciadores,Influencer,Brand Awareness,Influencers,Brasil,Centro-Oeste,YouTube,8952.0,101.0,5843.23,1192.29,29,9,5,32876,14817,9086,Mobile,Unknown,0.011282,57.853762,201.49069,649.247778,1168.646,0.310345,0.172414,0.204046,-0.795954,0.450694,0.276372,0.613215,2025,1,2025-01
2025-02-28,CAMP004,Email Black Friday,Email,Retenção,CRM,Brasil,Nordeste,Instagram,9820.0,551.0,5412.04,11872.8,72,45,33,32440,2415,1964,Unknown,New,0.05611,9.822214,75.167222,120.267556,164.001212,0.625,0.458333,2.193775,1.193775,0.074445,0.060543,0.813251,2025,2,2025-02
2025-03-10,CAMP007,YouTube Ads,Video,Aquisição,Google,Brasil,Centro-Oeste,YouTube,94156.0,5694.0,0.0,43487.71,1099,407,291,36427,31551,24277,Desktop,New,0.060474,0.0,0.0,0.0,0.0,0.370337,0.264786,0.0,0.0,0.866143,0.666456,0.769453,2025,3,2025-03
2025-06-12,CAMP002,Meta Ads,Social Media,Aquisição,Meta,Brasil,Unknown,YouTube,74110.0,3759.0,4909.96,69752.94,1247,745,305,42787,9255,1709,Tablet,Unknown,0.050722,1.306188,3.937418,6.59055,16.09823,0.597434,0.244587,14.206417,13.206417,0.216304,0.039942,0.184657,2025,6,2025-06
2025-04-09,CAMP008,Newsletter,Email,Retenção,CRM,Brasil,Sudeste,Google,7200.0,59.0,3634.46,315.24,15,5,0,24328,20877,3987,Desktop,Returning,0.008194,61.601017,242.297333,726.892,0.0,0.333333,0.0,0.086736,-0.913264,0.858147,0.163885,0.190976,2025,4,2025-04
2025-05-29,CAMP006,Influenciadores,Influencer,Brand Awareness,Influencers,Brasil,Sudeste,Instagram,0.0,0.0,4334.87,35947.31,370,271,271,35600,23984,5167,Tablet,New,0.0,0.0,11.715865,15.99583,15.99583,0.732432,0.732432,8.292592,7.292592,0.673708,0.14514,0.215435,2025,5,2025-05
